622 362
242 78
939 60
958 872
450 3
747 795
416 159
881 365
756 539
309 821
423 884
49 738
542 506
949 412
898 938
562 787
100 854
303 275
711 374
471 985
682 136
721 107
84 418
714 569
967 153
291 712
442 868
409 199
194 337
820 397
606 378
878 767
240 63
256 820
900 485
4 178
577 144
189 106
819 207
895 856
236 75
365 617
459 748
619 906
361 942
359 399
94 827
188 21
344 865
799 535
856 247
602 999
236 361
643 59
519 916
250 207
158 564
677 747
434 772
878 827
768 153
330 373
24 568
206 288
923 456
301 52
28 748
325 446
131 653
150 187
493 58
462 249
232 714
582 222
306 319
966 697
935 906
665 162
684 650
979 958
505 971
770 383
77 367
43 419
210 144
229 436
508 365
738 282
516 798
849 367
354 839
667 666
944 298
86 630
509 885
82 214
392 455
968 794
293 905
114 214
702 559
121 260
280 316
891 498
466 731
927 634
114 41
708 875
602 242
285 166
930 317
18 291
592 964
385 752
351 421
85 265
285 855
458 445
920 746
133 131
961 695
554 403
186 992
739 149
170 408
282 638
216 246
624 723
915 405
961 44
580 504
804 558
911 842
352 613
266 864
45 574
248 566
355 378
763 361
670 743
916 803
408 678
545 527
892 674
896 907
749 743
438 518
350 306
153 918
5 925
836 765
781 44
49 139
148 671
478 406
13 275
110 873
590 567
435 56
499 306
496 417
864 460
283 930
215 423
419 162
883 329
158 861
968 457
629 998
958 740
962 763
449 980
324 508
732 17
544 775
281 423
85 745
11 250
929 339
566 104
384 936
2 539
964 861
462 657
872 608
125 873
551 845
682 524
975 989
427 155
466 703
91 214
845 449
702 346
595 742
582 928
517 879
617 499
623 615
17 709
476 894
863 370
962 595
152 837
354 286
155 339
997 504
217 14
306 835
541 155
32 117
621 77
340 234
761 406
305 556
164 481
511 906
889 350
541 445
981 153
411 152
72 640
316 27
245 107
100 674
909 10
641 852
736 598
295 943
22 237
284 610
26 224
853 733
163 896
163 265
182 487
331 719
480 131
499 353
904 613
323 591
445 619
172 344
547 380
824 983
205 736
97 511
225 290
372 183
563 710
197 844
883 293
82 508
724 947
447 308
466 563
90 531
508 294
453 611
456 217
522 388
708 495
176 200
177 353
91 487
224 708
902 443
831 483
816 56
671 138
379 416
91 20
629 540
777 931
228 172
695 385
642 527
129 992
122 273
323 310
128 312
129 529
13 414
962 131
419 670
629 483
71 880
420 683
777 238
919 99
673 461
692 479
910 274
878 390
248 801
818 597
621 416
566 547
265 228
539 469
631 75
501 290
302 429
677 367
326 343
433 403
717 751
593 929
856 109
837 241
217 437
735 991
24 831
853 256
446 942
841 328
804 324
917 547
790 275
672 82
689 908
11 664
781 116
32 605
2 125
993 502
352 506
922 58
580 562
139 316
747 35
641 594
274 777
707 689
10 547
796 646
453 293
827 248
976 734
6 278
449 882
671 955
598 905
379 753
989 260
112 760
137 525
121 638
488 791
184 3
955 269
629 990
812 146
671 217
130 195
141 810
825 745
802 687
814 563
195 33
437 100
699 881
719 626
354 642
150 843
929 244
454 681
570 142
864 943
973 195
872 490
929 101
413 396
290 697
369 80
411 663
342 141
380 304
886 590
118 484
579 882
274 116
187 829
521 13
207 694
583 827
14 82
587 316
92 886
937 349
28 186
213 242
381 877
534 29
557 985
49 542
105 938
296 433
644 995
866 79
705 203
338 500
65 340
728 148
287 445
153 953
316 451
361 574
964 958
230 878
974 520
353 66
932 291
784 900
657 394
953 787
827 806
610 426
978 326
600 364
339 128
993 131
81 585
139 169
504 323
515 416
404 819
685 222
231 688
335 997
907 172
232 602
451 248
381 103
793 5
79 480
281 345
730 616
214 585
569 558
742 243
593 57
963 226
402 590
519 121
6 84
945 684
394 186
17 813
162 206
881 558
220 632
132 522
884 407
679 461
815 791
879 156
129 552
955 612
649 305
560 340
380 229
755 275
298 48
561 638
392 595
112 882
694 690
200 722
898 911
962 122
332 294
575 506
536 687
70 758
201 613
467 686
844 457
631 51
946 441
565 417
917 776
972 357
957 23
75 166
307 510
221 284
368 240
62 628
14 763
616 677
19 784
600 217
103 62
268 209
24 533
996 843
436 828
542 699
620 891
16 137
827 179
168 468
22 403
391 42
788 718
236 899
371 156
101 267
618 231
598 945
177 491
451 212
883 249
171 725
926 327
219 193
150 529
63 848
319 186
747 567
474 433
46 148
384 937
917 241
82 714
125 872
94 777
303 815
621 520
217 706
422 403
170 200
522 37
360 214
355 743
754 707
360 869
935 160
259 643
886 950
227 23
228 292
838 565
341 3
658 327
18 38
790 712
595 551
276 658
995 26
833 171
184 305
44 953
373 771
838 727
986 618
383 254
593 580
279 19
762 981
529 476
700 259
993 271
187 688
705 179
245 106
173 509
299 846
139 565
340 402
487 29
805 200
940 460
829 210
758 184
211 167
325 83
1 421
53 996
22 93
23 780
762 294
304 338
451 517
93 72
455 865
300 806
50 829
417 518
6 976
769 732
533 801
323 608
85 938
15 979
56 672
241 676
591 140
229 459
960 925
430 690
417 209
897 175
368 801
314 331
622 477
822 227
626 928
536 392
241 390
578 543
67 30
323 168
894 721
931 425
254 624
169 562
134 368
7 898
247 281
659 307
740 142
958 221
931 249
686 812
104 168
324 917
273 685
346 877
518 421
207 812
942 554
635 801
873 628
195 640
894 770
532 257
60 514
264 7
88 843
969 966
136 449
728 411
400 470
651 609
554 251
60 352
357 967
65 478
250 82
30 780
588 782
311 593
783 455
515 893
221 324
115 705
847 688
758 21
634 47
563 105
891 692
585 993
782 773
417 855
535 471
115 622
369 674
153 845
460 895
799 450
933 264
535 68
729 563
220 162
738 291
704 255
285 633
427 632
27 578
718 326
487 372
831 544
34 382
286 239
417 268
951 203
258 596
633 410
375 533
466 979
710 630
897 139
123 354
224 737
392 557
101 37
48 447
292 570
390 454
509 197
695 375
494 108
920 67
925 206
450 238
380 83
147 178
114 3
746 460
434 228
313 271
116 708
928 316
424 523
118 485
63 300
122 1000
218 263
645 2
976 359
9 992
907 779
212 188
415 964
142 4
114 711
248 685
373 977
951 935
725 22
946 267
251 707
424 71
724 290
580 994
848 677
815 5
174 887
782 886
567 740
696 499
258 210
477 990
573 803
45 762
859 551
900 45
516 309
365 649
884 655
869 220
616 729
871 387
853 660
98 759
563 867
927 258
602 775
310 256
365 939
297 667
279 543
466 2
999 428
180 820
219 966
720 801
756 231
404 828
611 700
278 733
120 363
860 69
239 376
483 682
488 884
885 551
23 760
285 273
487 21
652 435
161 156
917 524
931 400
56 950
901 712
519 137
133 862
734 834
272 930
545 487
564 389
657 749
536 158
275 114
459 241
207 887
801 206
64 228
898 908
844 631
753 166
626 428
38 6
721 384
388 465
192 754
971 552
748 991
568 13
570 743
203 466
832 386
759 249
875 484
616 750
772 14
830 796
981 692
1 445
871 736
880 13
273 177
4 295
408 680
761 382
83 358
619 872
156 746
654 153
35 459
793 529
903 714
706 568
782 765
348 242
348 817
899 419
663 74
477 83
480 249
444 284
762 259
878 104
241 972
2 34
791 230
813 362
616 836
766 750
617 522
784 143
487 700
572 870
690 680
512 648
641 672
971 877
862 890
763 373
262 60
979 698
671 144
659 568
957 759
992 319
225 704
724 750
894 698
474 33
424 790
43 60
104 62
603 4
750 469
552 838
310 586
367 911
703 993
560 369
87 284
237 143
859 419
63 279
69 854
895 734
414 583
697 425
716 451
39 366
998 769
503 381
368 416
66 295
193 11
346 603
610 956
113 380
282 963
250 63
527 203
711 94
22 897
408 789
500 443
961 191
653 801
951 540
221 383
677 60
168 4
387 217
254 188
857 664
515 62
40 478
258 13
477 183
207 82
323 561
162 593
288 796
877 22
538 244
961 763
410 355
598 752
451 405
179 674
71 656
603 582
702 990
813 479
745 441
338 1
234 239
654 689
824 840
534 475
827 79
276 319
810 915
116 190
758 613
267 148
896 324
602 370
497 561
205 448
565 608
233 15
125 41
682 716
295 211
155 836
671 372
141 917
267 160
521 603
172 813
212 770
877 752
150 12
854 949
357 328
677 809
25 883
536 167
601 583
69 953
859 865
751 777
767 936
954 621
259 593
756 945
632 639
248 948
967 801
754 174
539 550
385 943
795 976
781 605
947 781
469 209
329 614
294 891
817 297
177 691
961 234
126 512
416 673
870 737
201 687
501 66
374 496
321 740
325 788
252 788
550 471
566 53
482 785
672 321
657 19
508 785
434 908
970 42
623 884
809 232
981 967
636 737
730 731
610 388
866 890
150 35
898 558
853 608
175 596
729 675
289 638
698 914
521 955
461 792
926 738
381 65
944 176
497 588
918 774
462 386
390 431
46 701
406 420
777 739
747 609
589 382
78 253
834 615
774 83
971 585
726 765
227 470
879 21
458 851
76 486
350 733
759 547
11 405
506 583
590 203
829 913
933 727
298 971
480 954
981 726
394 486
986 124
845 391
593 438
976 58
869 257
51 446
217 938
949 409
35 417
502 837
484 752
514 941
731 337
237 488
331 111
792 459
53 502
771 631
442 867
698 652
43 704
752 334
878 886
294 851
151 190
192 949
891 885
965 518
197 114
655 382
862 150
666 677
403 953
631 847
106 598
433 270
398 636
790 322
370 931
922 890
481 26
908 825
3 157
649 659
214 899
343 613
456 343
697 895
24 571
206 295
888 314
482 535
432 288
275 874
455 808
227 857
637 562
12 187
340 536
822 364
14 857
182 207
699 467
916 284
29 600
410 458
283 840
859 745
931 36
736 92
556 335
691 561
337 135
176 3
565 567
693 610
950 115
293 852
262 81
206 786
561 769
931 403
826 167
366 84
81 420
264 644
53 485
678 555
328 523
650 216
7 965
618 724
748 683
400 869
20 304
761 848
578 358
25 670
246 664
63 498
217 902
660 768
475 586
824 88
276 546
636 135
205 470
307 181
769 920
599 482
1 915
773 961
995 113
36 307
787 861
2 511
331 361
403 612
23 407
669 641
230 633
210 33
625 333
808 315
862 114
744 621
963 655
657 74
487 251
164 174
663 212
847 363
335 391
302 52
286 729
240 651
131 972
871 422
213 712
35 296
291 416
629 80
961 542
746 796
838 196
366 581
689 180
118 590
399 580
33 584
548 121
862 601
206 221
353 703
392 825
500 826
250 801
306 719
879 766
914 910
96 135
3 693
977 258
564 806
158 979
110 424
238 349
419 389
9 385
524 288
67 407
674 405
68 996
894 296
931 318
471 489
608 145
845 156
516 908
258 908
885 683
465 208
926 103
985 553
877 523
660 87
774 43
380 148
565 640
699 552
308 499
759 664
885 973
963 911
272 616
199 321
534 858
755 987
482 343
544 710
816 603
449 390
838 920
534 821
189 348
338 886
526 69
557 177
765 521
316 36
109 229
21 863
669 835
967 98
661 815
277 858
117 667
706 456
191 656
14 443
815 984
254 194
178 128
586 261
535 348
573 9
630 218
745 892
197 782
141 157
804 291
36 949
628 559
424 175
830 539
987 953
173 584
513 110
823 502
591 502
956 213
80 960
870 951
301 488
106 832
59 218
443 123
589 742
287 618
290 474
513 290
452 10
555 683
408 240
572 762
556 279
775 55
45 278
564 826
842 656
390 226
309 466
937 793
440 287
760 872
880 134
33 400
343 183
378 873
669 227
158 376
3 67
596 984
613 902
873 134
924 983
301 661
640 390
644 438
203 814
846 564
445 869
817 786
801 245
948 76
950 534
355 72
431 423
346 653
701 261
383 391
83 594
339 572
549 849
812 817
320 159
526 67
565 487
792 829
888 978
761 324
445 297
909 474
16 43
180 874
685 647
634 45
761 166
876 305
126 336
2 120
205 607
813 288
970 781
489 329
844 806
22 494
704 241
98 576
262 441
335 157
980 358
653 264
15 787
275 634
76 803
457 807
262 633
941 13
444 555
374 812
927 78
819 593
716 787
167 709
120 214
764 519
12 502
291 313
681 993
206 900
542 802
358 707
819 879
91 452
981 221
42 512
833 779
975 624
445 709
671 363
341 532
103 661
872 190
403 177
808 737
393 971
67 252
733 687
242 74
262 807
646 729
551 231
399 74
536 132
276 903
977 790
261 85
264 967
545 74
565 7
700 786
609 835
95 840
575 114
615 992
355 23
484 753
166 45
859 399
84 430
145 230
623 471
501 259
526 172
729 32
268 740
51 204
661 871
957 240
812 789
669 700
601 30
240 898
520 212
619 910
502 262
162 837
681 103
594 704
792 904
334 639
231 205
801 846
143 811
793 718
576 202
6 749
939 952
123 957
952 701
61 511
465 670
840 446
549 282
844 842
520 528
376 126
249 752
15 887
676 915
646 482
719 31
867 776
230 248
693 752
854 220
768 681
915 682
219 841
185 969
918 803
444 702
434 299
140 679
894 418
73 668
149 223
613 282
81 249
233 67
618 307
358 638
399 136
892 915
424 828
171 25
744 357
156 403
308 733
661 342
152 378
885 1000
730 492
906 175
726 292
473 386
971 399
274 181
419 804
167 130
815 630
708 998
513 752
55 357
778 756
483 519
344 256
566 639
881 111
722 857
248 860
408 828
982 495
964 814
514 801
790 658
956 654
957 163
152 822
209 827
88 948
970 318
97 954
353 272
406 282
870 735
672 428
601 122
692 807
595 823
26 281
10 930
31 520
970 16
169 375
891 822
32 553
585 615
314 655
924 764
170 875
102 358
249 946
642 449
809 432
119 993
279 460
258 329
667 943
707 650
279 573
858 738
115 752
435 867
332 765
519 299
187 194
280 928
558 439
447 284
999 291
533 891
628 63
888 164
337 226
599 654
217 587
513 231
141 798
401 845
147 417
345 139
138 100
466 921
986 352
232 230
894 696
337 797
356 15
637 138
694 883
665 623
425 498
977 205
523 253
51 584
125 583
454 519
948 224
973 281
7 697
838 921
910 314
930 460
716 509
422 112
262 521
469 59
952 219
950 954
274 443
229 731
388 816
964 422
592 337
403 530
995 108
578 156
231 422
567 593
341 354
843 32
844 383
477 866
593 953
101 950
725 204
1000 581
783 492
736 763
278 236
984 505
412 610
969 363
507 676
606 80
553 100
684 778
204 764
101 872
118 798
171 864
54 566
400 937
774 799
283 531
241 132
417 682
700 211
404 912
796 267
483 953
391 250
323 704
721 565
745 447
580 553
420 272
955 116
277 96
723 400
430 582
455 194
257 412
756 72
522 384
906 803
580 630
485 94
837 265
785 870
589 344
510 483
484 154
414 229
825 834
25 906
446 218
440 399
77 998
519 211
242 294
156 475
138 890
217 803
952 298
881 863
688 292
165 404
238 186
99 400
482 376
906 502
122 979
69 840
415 860
132 114
139 918
375 404
631 383
697 308
702 39
907 881
30 992
752 292
805 294
678 60
327 166
130 766
238 519
244 704
117 382
839 11
770 526
273 238
735 74
630 180
705 227
670 803
72 672
18 698
792 941
357 641
981 455
766 551
123 547
1 533
308 919
383 509
274 611
663 31
558 819
653 37
800 487
303 668
849 698
961 596
799 348
129 378
794 124
45 966
961 709
625 848
167 631
849 612
866 602
832 854
599 592
803 119
438 14
242 647
794 286
551 674
328 932
811 945
684 449
522 420
323 107
987 144
897 136
720 501
93 621
828 992
423 444
389 380
802 7
171 713
510 622
938 455
558 295
1000 148
234 286
225 895
959 60
194 230
690 803
159 676
879 245
826 483
938 249
521 343
869 271
569 67
492 278
330 585
20 397
117 911
152 573
872 140
89 230
315 59
40 574
259 732
809 997
192 745
416 993
553 736
455 448
960 750
486 606
277 657
248 543
503 581
549 965
409 669
734 451
183 587
481 431
409 442
155 170
35 464
305 646
59 438
294 563
525 173
984 433
468 258
804 356
516 304
511 172
444 379
95 939
434 769
571 448
457 224
735 733
280 679
102 202
931 968
434 656
932 407
644 547
906 566
525 941
948 985
145 988
419 141
769 203
928 945
859 747
254 243
405 211
667 736
430 638
107 543
401 864
533 215
794 597
902 500
154 580
15 645
608 247
590 11
535 510
834 585
154 759
467 189
162 202
898 758
756 678
209 237
29 922
690 884
158 294
325 167
261 39
744 245
137 489
321 324
17 579
644 504
662 878
371 542
686 875
854 473
503 229
267 747
454 939
790 945
540 808
281 955
764 462
180 175
682 105
294 915
415 933
291 747
266 794
278 487
929 577
416 892
277 693
867 141
796 151
762 247
680 872
887 711
778 777
377 10
89 702
308 984
903 314
494 903
541 758
157 929
946 102
819 460
676 323
269 787
97 244
796 548
266 619
818 44
644 624
426 853
334 378
490 970
10 532
763 680
841 102
328 143
879 955
448 909
547 212
289 548
110 588
611 733
882 67
797 900
484 385
67 379
638 230
880 682
560 808
443 428
997 845
432 187
492 292
607 958
9 391
944 38
360 429
983 159
336 438
393 945
121 788
196 365
295 14
137 436
156 496
963 992
747 841
394 444
413 368
308 90
772 681
497 39
830 483
88 708
125 567
847 868
123 474
441 601
170 377
209 661
757 568
459 845
759 222
401 215
454 192
296 190
653 862
550 430
933 62
202 8
494 816
541 553
193 475
990 176
597 275
317 954
411 445
984 361
527 539
606 992
143 866
25 307
908 82
383 318
165 631
706 829
157 679
819 710
15 825
206 487
35 87
352 49
478 657
651 257
853 939
533 813
148 269
186 184
258 733
496 880
372 314
582 426
430 583
326 756
112 800
168 722
290 216
764 620
983 818
604 5
343 83
290 93
344 798
370 143
850 901
427 988
674 439
930 45
471 399
989 590
204 904
958 999
545 322
833 930
107 773
758 665
376 738
821 38
878 169
492 412
661 397
593 79
315 833
267 674
697 89
312 57
310 708
829 620
243 953
198 613
843 784
570 952
611 268
385 940
833 282
232 284
855 937
18 6
381 802
26 525
969 603
754 399
856 451
857 942
914 223
79 689
5 574
736 664
701 86
210 723
395 943
805 232
364 328
239 684
991 765
64 436
482 927
911 432
710 31
912 226
74 245
296 104
24 546
245 364
372 679
219 64
457 852
754 930
79 245
780 56
154 752
228 608
157 572
223 314
881 842
974 237
522 466
599 704
780 798
968 6
272 525
864 215
646 883
738 752
812 143
573 920
944 31
334 622
966 896
471 34
759 911
280 183
138 61
233 889
307 670
369 361
775 315
825 928
792 129
77 905
137 460
341 884
893 295
308 99
95 805
955 716
881 659
881 496
311 973
21 947
586 472
403 29
825 281
796 494
890 497
946 575
981 403
35 868
196 701
443 539
763 210
217 250
436 412
863 87
628 770
829 451
230 286
799 767
467 382
182 504
748 149
622 650
530 528
576 814
973 868
796 803
503 757
383 3
684 828
83 319
581 452
982 909
749 654
163 375
326 454
202 467
425 560
504 215
305 986
568 544
608 733
934 627
974 956
991 614
568 911
408 268
407 582
289 543
550 946
187 184
734 958
907 163
709 211
875 759
897 969
590 878
336 685
780 770
911 34
845 868
918 912
171 381
137 701
774 179
833 789
355 633
194 809
893 233
822 175
953 172
55 564
574 540
186 709
225 809
67 218
342 448
769 322
219 311
863 614
336 233
262 769
800 696
161 498
420 665
661 453
740 66
835 366
693 84
609 877
294 1
521 195
578 404
962 119
781 529
912 832
584 573
948 6
786 169
18 63
769 925
455 22
972 188
705 799
928 58
255 677
238 589
851 217
815 199
626 673
616 538
1 769
218 569
477 796
313 747
888 925
83 765
191 718
544 232
356 798
123 637
343 804
643 140
735 786
705 347
879 687
783 680
207 122
505 286
714 106
257 891
738 372
922 127
281 109
979 2
175 521
417 637
589 767
606 807
315 410
101 421
690 322
983 971
289 571
332 575
552 383
223 982
336 762
154 903
672 840
214 767
163 175
638 2
584 981
2 456
671 15
929 484
917 139
538 987
580 203
581 798
488 227
698 26
954 896
996 283
962 407
401 621
627 481
534 639
208 113
356 9
323 320
215 854
590 906
190 176
483 134
801 125
630 738
21 634
961 375
428 652
655 255
70 565
380 373
273 853
721 343
687 718
411 963
90 270
878 351
19 262
722 827
800 17
468 903
971 24
386 654
667 291
916 843
934 232
796 69
134 868
1000 568
662 634
38 256
212 475
269 84
382 935
630 217
610 217
942 325
766 521
342 741
538 478
23 154
838 5
254 332
933 287
718 735
311 159
5 780
248 165
746 748
989 24
990 467
370 712
318 888
538 99
576 466
975 458
577 527
85 964
490 192
21 248
993 831
576 321
577 952
519 189
513 336
291 286
755 997
901 985
336 373
941 456
267 793
231 552
73 602
377 842
721 870
504 10
615 390
543 421
485 173
695 366
823 853
517 538
285 70
687 44
919 779
993 763
85 548
584 264
324 515
890 760
427 266
565 32
582 902
237 111
311 1000
624 563
474 237
368 369
645 41
332 276
265 341
673 432
912 648
623 444
313 577
598 138
564 14
468 923
105 807
208 49
145 136
769 886
577 141
960 307
647 877
669 725
444 115
619 171
363 101
340 312
259 190
818 915
140 235
417 874
681 409
40 47
614 617
102 349
899 511
757 95
405 362
717 240
420 496
486 79
376 101
413 544
159 76
822 644
605 12
613 943
625 854
439 204
671 929
987 500
157 326
736 180
919 802
10 271
406 994
141 723
629 984
889 523
671 199
105 20
732 471
771 757
846 91
495 427
152 67
724 691
124 391
87 13
15 720
876 918
937 890
440 318
683 266
190 366
872 321
211 849
252 310
697 154
471 259
437 415
170 250
25 533
937 532
590 382
117 796
461 442
156 168
184 33
494 450
691 594
503 176
394 708
35 918
587 677
683 214
544 368
619 724
319 514
359 593
556 481
363 402
769 801
916 560
41 410
403 735
47 148
675 855
35 756
416 850
838 560
806 99
402 349
277 671
558 512
425 900
777 383
504 907
634 221
482 862
585 567
313 936
26 179
709 670
819 498
501 359
97 748
643 32
992 910
59 313
866 939
794 188
443 966
656 181
85 88
433 236
453 225
755 609
572 121
719 250
852 473
70 644
947 455
343 726
490 102
788 577
240 577
224 70
504 760
942 206
140 892
215 408
914 791
693 734
23 529
599 630
124 598
452 77
970 526
284 902
893 902
440 764
955 303
258 565
776 938
137 700
766 255
234 404
508 219
823 876
167 968
884 366
632 255
464 145
11 292
877 547
289 90
789 797
441 903
24 153
129 186
428 395
183 363
216 641
223 846
350 588
591 534
315 795
735 443
151 538
389 129
747 909
215 659
916 758
20 419
60 592
939 319
392 10
179 322
202 176
178 211
562 266
569 628
881 253
791 712
449 632
736 809
356 569
340 166
433 588
770 581
701 187
431 162
726 705
478 166
32 957
931 571
2 285
439 368
39 794
468 288
487 68
418 589
724 81
887 999
983 740
758 467
415 392
879 951
3 266
991 581
55 743
887 916
822 733
844 873
205 757
1 763
871 128
267 30
250 698
93 768
519 292
656 462
305 304
968 496
508 281
689 361
335 628
641 47
76 580
537 238
115 22
479 537
299 175
944 216
470 820
181 143
57 401
828 938
423 70
940 172
279 994
229 179
108 836
863 564
739 762
646 90
366 487
39 7
521 284
761 903
526 559
564 358
293 648
816 607
734 605
42 27
928 232
176 403
839 258
237 428
347 660
613 721
317 500
636 790
194 353
87 167
92 820
781 793
191 668
784 518
114 923
153 601
481 356
335 321
249 128
1000 584
430 431
676 387
607 149
919 249
460 706
781 248
801 666
918 307
558 947
389 81
318 465
149 751
611 908
480 154
80 964
444 317
600 187
582 127
140 38
89 954
533 585
239 616
420 310
188 826
154 198
136 837
932 425
457 783
258 296
477 243
542 552
998 94
470 519
733 131
699 31
721 699
295 488
187 227
6 869
387 997
824 828
825 613
172 232
210 339
926 421
333 438
713 312
112 945
149 276
298 702
764 989
64 381
195 74
566 79
385 486
258 876
42 80
446 217
450 132
712 207
626 92
824 393
149 502
78 388
959 5
742 927
800 626
310 651
825 33
25 681
191 252
564 378
547 620
345 132
982 68
344 332
364 887
130 987
332 277
905 187
156 107
907 997
89 56
456 789
40 980
991 59
575 312
501 299
799 884
449 128
433 571
820 433
550 238
762 511
207 505
932 488
377 486
753 835
292 345
910 431
784 753
107 202
288 480
773 551
922 867
721 385
123 548
291 784
939 848
89 4
58 732
666 415
188 879
61 471
231 907
514 219
892 366
274 398
850 291
79 247
638 322
914 816
935 926
292 876
684 670
813 62
697 360
629 822
777 661
558 498
101 333
284 931
67 309
943 700
347 674
966 631
376 834
210 311
105 27
68 937
50 652
534 730
777 631
256 162
423 14
599 913
565 865
697 153
722 444
371 662
617 146
702 731
897 472
972 948
649 367
274 220
242 296
708 541
916 957
506 405
364 859
866 501
630 602
334 954
566 518
880 313
454 876
900 94
614 974
583 961
195 896
914 174
218 547
620 330
982 673
217 361
805 424
537 778
355 566
815 3
343 770
218 837
44 669
408 834
876 130
201 910
737 844
684 973
442 416
813 751
420 167
672 721
287 216
182 422
995 613
11 778
874 382
770 85
405 510
638 382
658 766
219 988
625 881
594 768
666 149
595 41
608 940
223 781
388 726
980 612
379 515
125 123
971 839
205 387
580 209
746 249
175 939
328 850
333 479
29 998
508 773
603 385
475 818
194 884
997 153
891 394
564 540
216 642
293 514
996 255
360 511
386 95
635 894
68 577
397 693
768 311
164 640
855 36
682 197
887 156
744 918
191 389
865 870
973 595
373 647
963 581
583 788
820 506
161 579
26 211
863 617
895 919
348 634
75 146
412 747
507 559
678 470
175 324
602 592
487 246
805 221
329 236
334 607
598 524
396 6
418 586
770 791
718 705
666 420
406 235
980 196
55 176
221 168
629 91
245 290
84 864
214 787
175 523
894 145
896 592
861 120
310 486
991 981
353 833
597 558
568 796
628 404
870 121
873 299
145 846
936 623
3 696
43 391
67 269
551 599
983 811
135 316
858 435
380 947
99 360
111 77
997 44
300 268
907 316
727 151
419 742
5 187
462 520
211 776
730 792
17 915
678 584
915 134
717 46
994 917
846 946
851 856
998 729
341 810
716 362
684 728
294 208
557 598
778 261
48 554
485 587
753 235
447 840
611 277
703 205
826 537
199 98
476 741
207 631
99 86
264 225
763 47
801 462
658 465
416 812
41 465
829 408
723 653
80 633
302 264
359 745
714 968
728 487
735 82
437 827
153 600
541 437
265 618
197 367
537 962
80 48
168 10
852 60
193 585
819 301
533 743
535 532
233 437
719 189
999 413
876 488
128 982
257 246
689 203
451 296
144 320
435 835
709 769
684 330
999 323
654 810
664 806
920 336
8 778
779 55
608 531
78 235
392 568
375 959
985 927
986 320
380 983
632 312
191 25
485 316
108 937
785 900
510 705
598 202
186 763
133 912
561 989
17 639
145 771
833 509
428 739
947 629
124 178
397 620
569 43
935 236
540 764
924 835
946 324
545 18
363 539
237 510
592 19
386 590
811 307
706 7
636 196
947 787
53 412
471 957
222 509
901 206
219 36
553 281
184 468
402 375
633 555
152 882
762 897
709 902
891 879
621 186
203 353
991 472
614 781
691 52
363 103
809 65
97 855
26 349
735 937
191 913
50 103
880 218
719 371
922 915
780 469
918 79
645 653
685 464
639 25
457 857
684 520
957 540
745 526
376 103
837 38
894 169
822 666
571 134
827 240
719 6
461 786
873 338
379 649
585 38
841 908
953 586
441 286
704 404
580 367
525 730
111 935
263 194
858 504
495 709
971 811
57 351
223 576
209 116
10 111
970 7
385 449
579 463
543 296
964 371
413 19
472 593
470 236
697 152
493 197
789 872
846 891
759 686
744 157
21 108
807 116
648 963
647 655
502 812
506 291
716 434
919 527
646 333
982 85
398 10
520 364
773 70
722 878
283 198
798 555
657 949
144 512
494 237
808 551
368 494
164 466
754 430
916 929
369 916
361 772
217 360
3 229
827 739
791 900
591 748
388 775
734 86
486 923
97 883
424 221
709 668
468 270
880 198
865 374
849 777
283 661
508 674
127 920
607 386
684 605
300 854
700 37
31 198
1 279
832 775
962 970
154 831
309 593
400 659
404 827
112 449
579 214
237 719
439 835
279 762
343 423
492 499
485 146
379 499
324 272
699 804
573 835
906 118
817 401
712 185
640 182
309 21
534 598
349 788
56 812
179 597
631 455
722 417
461 459
670 129
599 37
801 86
108 512
824 305
922 138
293 658
936 912
7 592
602 106
18 171
185 362
424 750
156 44
407 511
65 204
642 32
122 791
131 489
80 271
616 209
65 125
304 915
750 790
571 945
15 155
575 371
977 672
961 59
691 334
860 836
178 977
353 893
826 967
667 457
481 350
624 609
196 935
910 159
736 724
22 879
723 974
926 760
944 801
134 921
122 459
250 260
13 40
752 78
914 437
97 159
244 986
883 342
781 35
880 226
572 168
365 870
914 54
351 663
508 710
572 31
240 528
940 731
7 300
101 593
693 829
270 998
417 626
788 615
827 203
277 230
760 150
832 867
942 232
980 411
983 964
399 567
36 339
429 380
340 937
750 928
770 344
292 564
746 75
586 528
81 273
681 828
679 300
395 449
587 850
719 653
816 996
496 828
531 635
306 954
953 205
501 785
617 216
103 809
307 584
398 305
73 878
954 737
25 723
579 20
601 620
564 352
602 223
51 591
837 852
930 342
971 430
864 734
316 633
609 304
155 701
484 807
251 20
161 268
34 754
677 219
593 257
977 994
463 619
462 858
640 734
248 893
265 655
820 479
36 590
809 842
622 755
776 29
902 717
208 332
737 568
972 385
496 458
814 420
810 439
98 485
822 994
984 71
520 864
259 212
889 71
466 272
714 58
745 961
18 629
598 664
175 441
499 281
228 761
743 10
250 621
550 622
186 213
525 292
283 921
379 748
505 537
345 812
605 86
897 901
886 114
112 725
638 820
867 839
906 861
963 388
926 280
695 69
996 452
998 190
586 564
669 475
45 417
466 630
216 861
57 435
60 982
258 874
374 379
688 251
410 849
158 211
823 761
383 152
525 889
248 268
329 956
864 523
114 835
488 271
416 252
899 761
206 741
646 358
703 147
119 72
185 96
186 571
470 274
726 67
138 552
855 933
881 42
420 946
437 636
386 766
777 503
658 50
146 222
757 536
739 37
781 312
175 25
450 616
477 833
192 991
321 765
630 56
633 772
563 964
249 19
602 521
520 796
631 646
154 6
546 772
545 703
342 51
107 490
221 126
793 869
541 811
840 392
433 86
491 984
679 925
465 709
945 243
395 30
680 352
576 305
524 49
16 856
370 461
940 961
101 331
693 535
664 771
557 72
794 650
742 204
319 149
896 214
20 86
250 568
246 890
138 57
759 568
910 554
398 382
498 218
257 154
534 917
247 4
191 274
963 845
13 750
108 684
422 34
596 873
136 135
320 420
526 775
13 976
530 186
67 576
921 847
499 887
562 619
139 774
605 647
456 898
971 37
593 619
412 641
506 228
108 112
677 591
832 348
889 285
417 922
495 705
247 716
586 470
993 440
316 331
905 738
231 88
468 382
254 395
922 103
615 950
176 845
267 358
654 598
144 491
328 152
573 414
645 881
652 735
827 99
710 793
141 530
921 892
698 945
963 412
167 534
684 380
421 866
427 749
543 203
68 233
417 439
555 745
480 273
779 481
963 348
34 376
993 981
522 325
560 144
997 933
126 871
266 7
448 724
881 596
642 938
129 773
498 646
279 987
507 278
615 287
388 901
390 987
276 818
960 771
696 893
803 547
808 855
695 625
934 267
437 353
907 69
901 466
631 375
483 255
428 676
358 813
877 979
347 61
169 812
140 620
274 81
522 763
35 772
290 807
60 433
631 10
498 642
84 319
86 389
895 480
390 881
463 805
356 651
982 707
587 49
734 416
813 559
192 7
636 578
342 733
770 866
202 96
24 832
705 351
875 139
623 949
317 514
858 970
79 56
483 899
942 126
176 873
84 866
236 613
864 454
666 68
230 15
791 476
870 127
466 881
429 379
413 918
667 88
825 590
641 776
992 489
947 149
710 551
785 892
38 700
246 819
617 957
416 388
312 341
20 14
383 810
404 429
542 143
10 36
216 753
751 31
114 240
538 638
78 431
393 5
926 249
696 682
237 246
395 976
171 136
890 736
165 947
356 132
503 87
281 761
252 469
517 853
239 500
557 596
70 553
255 615
806 381
332 492
873 528
160 69
52 979
240 147
421 162
4 94
96 919
136 46
18 942
666 962
402 863
960 299
335 74
411 229
216 75
427 221
257 671
347 951
869 774
601 88
359 376
732 758
549 920
17 255
447 789
72 537
936 98
666 279
297 424
316 662
377 154
486 980
868 91
273 439
909 194
538 333
176 646
214 962
92 490
465 361
104 567
287 944
988 67
663 439
419 328
936 958
781 663
988 314
580 373
410 525
413 890
486 272
298 47
382 321
646 648
833 951
214 468
634 950
104 725
765 128
766 171
894 508
81 263
788 457
718 14
702 691
870 325
621 961
825 836
55 715
574 585
132 548
737 17
851 536
343 763
264 835
281 683
102 573
765 339
470 49
733 757
347 422
186 616
170 149
372 787
310 729
980 371
7 667
692 389
863 344
106 32
284 83
910 395
566 569
851 398
311 650
186 829
777 502
139 797
545 882
855 533
627 938
939 550
345 979
416 697
571 879
830 988
320 5
359 412
235 914
640 840
473 553
633 779
245 85
84 85
913 366
984 475
733 288
400 124
623 892
295 837
10 759
638 210
46 9
328 494
914 525
273 403
370 665
595 304
59 83
874 281
413 651
724 933
487 286
783 797
262 432
463 337
874 168
267 458
396 302
288 943
920 400
779 375
894 62
935 616
737 225
101 330
139 101
25 733
474 348
883 184
269 274
392 742
814 70
586 553
242 867
975 633
474 325
656 567
877 571
793 450
522 128
9 339
617 6
411 579
971 523
228 48
47 604
382 367
717 244
665 553
134 484
800 768
268 814
808 779
938 807
912 857
855 987
714 733
585 647
308 398
666 792
481 598
32 88
363 406
593 729
387 166
4 130
479 308
302 471
875 499
929 703
108 482
113 316
792 753
425 904
356 656
140 421
815 186
643 262
348 512
401 761
155 160
447 508
411 346
32 917
141 77
235 126
991 335
762 133
141 222
658 840
532 977
607 383
311 338
449 562
68 421
980 89
383 364
168 339
315 4
153 161
563 874
231 936
344 564
154 751
22 397
758 923
249 761
452 58
194 516
163 41
985 222
82 43
361 96
141 610
932 371
699 88
438 492
756 31
561 95
301 860
965 501
34 185
189 795
318 737
894 308
484 28
155 772
872 274
375 865
208 881
219 413
205 226
958 928
137 386
428 391
52 376
63 22
398 347
971 567
937 747
631 449
557 478
983 324
697 43
744 10
233 523
342 167
53 304
626 82
368 302
366 297
683 153
792 985
835 482
786 162
289 410
679 173
536 901
386 564
494 589
631 148
706 77
689 199
237 341
250 155
166 211
44 975
540 964
999 545
967 7
127 378
148 989
83 640
28 263
247 909
965 738
630 897
675 597
983 732
888 760
273 313
853 718
172 619
596 32
706 928
121 128
237 176
912 47
400 979
510 50
883 564
723 159
10 542
179 593
642 75
349 396
37 531
97 488
850 230
874 224
788 720
382 475
281 146
58 744
654 845
54 105
13 501
241 694
332 587
150 444
98 869
618 124
480 122
438 379
962 609
12 516
307 684
868 843
599 997
170 33
785 925
570 221
756 640
613 25
788 251
717 43
720 209
42 485
631 421
423 160
725 544
698 1000
601 626
708 545
146 327
241 67
4 825
795 606
812 656
246 764
764 121
363 11
865 790
94 416
702 163
317 415
320 493
393 375
677 495
113 154
208 690
999 756
910 95
307 6
991 80
687 811
544 43
227 332
937 292
213 801
16 291
970 172
516 208
258 224
297 286
28 410
288 567
308 954
917 532
5 998
269 316
295 817
331 760
433 432
787 195
927 316
564 77
714 395
862 259
476 74
594 933
611 513
225 206
524 952
637 513
528 59
58 294
114 725
645 840
617 749
889 784
121 510
874 196
175 665
879 693
838 697
8 58
331 951
512 766
361 56
641 414
254 781
3 665
958 655
577 812
988 992
346 551
756 454
224 735
78 238
426 375
137 760
671 383
584 47
937 769
845 184
15 360
551 874
400 606
238 99
938 381
258 795
977 145
206 765
564 471
357 383
35 742
397 536
713 751
38 778
856 909
618 532
806 271
458 617
244 381
863 64
627 655
43 301
19 297
133 337
392 611
860 910
916 904
649 819
552 592
576 660
628 885
609 641
563 194
636 532
819 108
639 343
342 683
770 952
109 628
499 552
738 871
282 206
174 976
643 372
92 681
978 710
391 305
49 346
742 167
140 119
921 350
406 150
944 713
672 568
837 146
128 518
720 928
221 237
337 496
366 150
434 630
497 869
386 501
936 923
186 102
902 368
75 800
932 687
332 915
926 389
819 887
608 380
129 831
920 222
712 192
464 170
923 981
673 954
251 658
419 722
640 775
542 196
847 804
128 352
57 62
95 658
341 894
566 329
573 119
517 795
683 47
81 337
981 846
623 249
954 534
260 411
969 799
511 640
242 439
734 843
801 324
306 733
252 764
400 413
273 929
166 180
683 858
317 56
766 793
847 632
243 912
377 390
288 401
880 27
532 908
662 551
682 289
649 952
10 950
762 19
890 76
247 601
654 139
876 111
490 318
339 174
168 54
42 490
16 506
328 444
400 89
112 339
154 24
984 295
861 255
58 764
40 415
115 965
62 816
943 905
732 844
73 473
790 20
794 838
245 763
943 638
362 953
658 762
410 467
656 487
894 91
452 74
346 469
715 836
756 24
979 827
910 891
181 261
202 992
920 139
498 395
119 601
101 254
29 881
951 394
125 232
306 770
860 381
312 443
45 487
157 173
655 594
124 416
569 277
321 162
354 701
851 723
769 615
860 387
94 683
440 78
369 408
816 729
179 316
263 598
433 955
241 48
532 237
881 261
652 986
579 202
670 279
768 267
990 752
4 981
87 592
109 248
666 893
422 223
189 160
961 399
598 68
601 160
18 72
471 870
188 376
925 669
529 348
782 62
658 120
963 498
455 306
576 913
670 566
321 778
620 426
313 862
62 611
763 466
356 772
92 738
827 625
666 305
649 549
620 72
417 789
971 185
995 564
905 796
430 225
966 503
235 379
628 754
295 489
520 933
232 643
448 960
324 179
235 264
326 993
185 531
849 532
279 565
214 646
968 358
898 145
871 780
842 483
983 950
478 990
686 355
449 928
820 721
434 293
729 956
896 225
132 691
558 689
413 182
142 620
200 142
733 973
9 281
16 735
169 707
556 985
738 916
290 4
345 258
843 527
517 962
133 969
462 959
183 371
730 919
142 825
915 251
924 891
191 340
622 8
143 401
769 578
701 391
422 104
63 366
545 251
605 709
991 194
425 37
479 510
136 464
523 684
640 576
236 225
255 327
494 729
244 756
243 987
340 862
875 44
838 706
749 413
308 613
421 394
293 247
386 827
294 656
649 871
320 59
212 505
503 522
701 75
773 394
939 730
779 897
247 513
326 144
787 606
167 991
629 281
331 618
615 794
191 974
625 578
678 468
93 44
455 965
889 53
918 759
50 161
831 96
788 919
555 900
990 469
576 441
633 56
407 593
694 457
242 520
849 624
838 430
134 1
335 817
854 771
124 180
755 890
116 128
742 84
375 661
581 986
304 58
286 254
181 460
590 936
572 755
556 264
335 453
906 811
600 764
992 358
641 243
704 682
229 65
786 660
180 699
146 631
86 803
596 148
592 655
793 484
522 234
803 671
588 415
458 692
55 634
521 466
869 386
945 626
711 611
678 616
60 823
132 324
333 709
890 514
461 630
346 880
720 77
573 309
905 45
872 152
928 154
503 170
271 288
872 372
661 616
900 208
955 903
983 485
706 3
532 507
256 694
169 251
687 857
730 316
14 493
633 905
702 234
130 758
723 685
960 265
840 975
363 202
680 664
131 192
444 9
597 61
305 725
468 135
217 385
643 189
112 217
711 576
404 751
761 316
814 310
27 896
1000 824
123 571
841 372
988 509
164 239
37 359
791 167
945 278
835 902
106 794
322 847
642 494
24 553
831 998
832 896
174 179
656 222
280 706
577 636
382 249
489 204
590 746
131 557
723 455
392 875
111 818
522 477
81 891
300 35
67 312
304 38
881 988
823 913
457 520
96 344
849 382
208 386
462 315
870 786
621 786
215 65
950 28
1000 185
682 662
755 116
42 521
708 70
73 969
789 771
911 485
150 839
65 553
658 312
410 944
711 694
664 372
553 812
806 590
316 734
116 600
65 986
816 830
378 387
970 844
215 788
454 564
608 432
536 141
583 912
852 729
981 845
983 275
342 153
716 430
21 956
192 626
308 392
184 150
863 446
459 44
859 633
375 368
348 179
56 336
459 957
136 488
912 633
566 650
934 174
131 175
481 310
800 960
322 542
96 11
293 143
784 722
107 173
491 10
700 478
504 879
486 771
126 490
940 604
558 855
454 771
102 489
785 329
624 255
54 758
382 195
633 7
705 402
157 759
249 782
803 110
97 746
336 902
581 112
818 354
257 50
612 794
211 311
412 200
987 470
897 962
715 839
935 526
522 497
842 533
361 247
614 918
348 283
534 423
172 201
318 617
391 873
324 284
69 336
696 254
537 133
9 508
135 356
285 407
640 138
579 431
157 93
959 512
642 715
203 899
174 712
473 878
342 74
697 41
130 890
458 607
939 164
192 559
402 6
129 710
994 748
77 648
781 522
907 979
359 994
252 658
934 488
95 36
721 509
227 116
446 726
714 590
382 720
471 865
114 542
353 446
705 14
537 888
75 137
994 417
580 954
407 78
856 386
531 639
549 78
434 104
382 946
588 841
165 1000
350 428
944 805
767 293
201 988
878 902
148 829
448 803
658 938
131 822
801 978
306 272
35 210
54 722
849 762
704 131
966 998
390 688
248 255
786 652
139 368
597 990
196 359
642 73
236 608
831 655
839 668
277 83
120 168
67 355
563 614
508 279
111 874
183 265
120 279
324 481
360 34
510 460
771 674
920 232
594 3
479 519
390 252
926 450
765 106
177 705
328 883
459 475
59 741
833 714
775 235
967 361
848 731
965 832
829 894
707 94
727 3
652 340
915 141
137 295
7 547
467 786
786 745
20 478
313 332
756 928
137 158
973 481
756 983
32 19
394 646
146 103
31 884
421 175
614 471
155 479
947 939
677 382
860 932
991 82
829 403
795 239
374 112
232 65
490 597
472 504
733 656
457 356
809 991
402 415
502 212
532 693
629 375
4 270
98 481
139 545
657 44
487 17
46 548
862 487
175 398
813 673
886 505
232 962
145 737
623 970
516 496
244 169
705 425
102 315
374 572
491 813
36 157
129 277
917 756
690 398
625 675
780 227
304 172
638 187
529 933
125 476
767 797
606 661
115 218
608 105
168 730
614 19
109 406
945 774
660 12
983 202
784 388
922 74
720 514
811 989
439 564
817 332
233 901
181 237
309 472
885 661
778 113
104 197
86 826
768 39
327 708
111 221
522 122
157 5
158 358
327 341
664 487
775 493
194 10
342 114
129 669
762 569
88 680
198 605
643 736
130 981
791 552
781 533
597 361
155 266
786 232
571 898
403 712
562 579
781 419
854 251
123 367
313 699
50 318
958 466
151 28
503 745
507 746
967 197
917 965
151 397
780 323
728 52
658 867
932 134
382 853
120 804
325 607
175 488
235 181
508 465
808 27
335 246
366 664
662 69
334 442
803 145
701 530
391 102
853 855
158 887
803 126
594 169
244 466
324 426
551 597
879 312
1 89
202 970
353 622
104 820
823 769
76 394
590 857
216 829
146 600
493 303
404 352
872 328
746 417
143 133
806 591
384 796
574 763
906 177
467 861
611 508
863 802
626 568
134 475
798 882
468 625
860 735
95 946
557 665
445 159
692 384
472 227
806 184
666 871
374 158
144 517
291 758
753 7
271 436
730 273
255 286
682 412
648 4
130 330
792 867
283 360
620 471
37 915
894 51
718 892
424 194
404 490
607 376
62 679
127 903
534 205
332 770
631 535
500 11
908 121
727 724
325 416
606 819
699 383
365 927
176 976
571 185
640 834
41 650
978 93
121 436
670 884
107 633
287 265
591 219
78 10
558 272
281 292
124 732
324 686
168 658
405 843
427 911
64 963
985 937
340 880
777 917
885 732
744 448
194 586
103 691
414 810
977 78
377 778
507 411
346 23
829 970
355 863
742 601
494 63
551 189
826 396
366 445
920 914
762 526
243 509
751 842
440 174
403 290
242 326
228 319
221 450
821 499
449 59
235 531
991 738
704 36
856 357
798 520
359 626
235 817
847 520
546 795
922 643
814 397
725 62
58 973
22 864
390 772
409 179
822 628
645 527
884 712
112 226
991 684
634 107
196 578
733 357
400 71
143 785
794 155
690 24
275 802
24 610
227 785
569 778
549 292
182 311
882 82
559 767
440 193
395 90
968 360
73 324
344 637
600 627
879 259
201 488
188 738
651 250
854 967
28 925
589 426
298 709
544 789
836 69
158 105
34 75
141 869
716 563
54 142
595 918
959 409
11 377
72 377
381 465
623 93
642 684
692 346
893 487
569 17
753 284
55 822
612 81
575 47
246 755
797 225
891 138
658 297
900 254
183 77
891 123
657 999
530 367
588 57
825 345
844 403
39 755
167 446
407 143
100 995
708 738
490 963
401 50
249 280
931 112
193 99
192 968
835 654
196 896
108 180
3 32
131 119
867 289
631 776
979 347
637 843
714 212
587 174
610 5
173 257
563 905
467 28
141 227
843 393
684 915
6 675
28 699
982 828
785 272
877 20
648 233
816 490
766 354
70 437
716 150
831 674
394 880
614 129
634 579
162 438
661 798
200 204
788 469
702 695
698 454
402 651
494 93
790 579
685 844
836 456
344 69
161 80
57 39
940 286
647 224
671 414
696 842
551 292
167 239
5 208
392 235
156 348
963 852
711 498
933 564
237 103
504 614
118 490
464 269
281 969
670 365
297 177
126 929
557 709
662 450
461 749
222 487
61 955
549 558
377 382
178 889
195 132
715 162
133 495
568 320
472 469
131 211
661 953
403 937
541 403
600 645
343 887
382 971
645 469
153 943
779 943
265 793
322 730
861 871
120 805
980 782
395 823
641 563
454 342
791 205
631 562
267 369
253 840
940 664
813 422
119 931
653 317
712 711
253 825
617 718
45 77
186 101
663 725
820 740
451 155
533 185
534 354
975 724
266 108
859 935
789 912
383 793
372 558
994 885
265 189
618 341
204 378
698 333
705 639
243 424
412 171
621 707
416 174
437 264
972 829
133 15
583 523
493 993
246 315
411 786
321 552
415 826
717 978
956 526
169 836
904 177
320 296
48 839
235 711
640 767
839 80
587 443
897 413
791 813
540 19
958 294
139 650
590 258
216 7
415 745
255 494
901 445
776 169
788 821
465 856
429 829
880 109
4 455
468 276
344 794
897 516
844 927
97 230
885 69
128 638
211 106
304 440
693 946
606 929
310 354
921 319
136 949
814 925
284 398
163 45
720 798
665 179
764 719
448 645
488 978
324 120
951 377
298 607
704 502
116 394
416 827
898 426
422 564
501 997
7 138
263 284
195 122
343 18
756 313
794 538
911 449
150 865
658 309
565 846
273 582
271 983
418 425
573 385
419 832
167 38
647 344
778 409
318 86
673 165
125 952
241 91
497 49
314 207
320 534
651 746
692 502
472 849
808 747
43 890
13 926
341 113
289 414
806 165
311 857
833 217
273 898
971 119
248 726
999 605
585 761
105 999
736 225
359 525
537 894
443 687
785 120
362 452
491 232
574 413
944 950
961 968
546 982
890 256
456 272
230 865
59 349
577 280
304 420
413 734
714 403
177 449
827 848
81 534
44 414
462 181
83 192
894 152
624 364
400 870
585 652
672 978
582 309
106 114
306 624
239 306
367 361
738 623
996 607
689 49
873 300
125 422
859 705
822 503
551 655
788 323
817 213
660 261
828 563
420 998
890 920
262 41
368 63
855 490
603 373
417 636
104 666
793 269
902 89
667 837
750 375
492 547
698 402
630 985
760 711
834 722
186 593
216 532
56 189
682 785
638 124
464 290
707 382
660 808
203 143
958 13
924 229
137 237
159 900
562 605
446 752
236 220
402 266
518 612
688 895
504 604
98 123
450 542
71 178
701 215
667 427
320 62
835 881
639 447
115 755
244 917
653 933
876 178
386 88
193 578
269 813
814 413
461 517
170 818
944 545
999 5
654 608
608 670
934 688
511 5
338 99
362 109
633 174
871 220
218 877
879 689
315 592
22 312
81 796
731 245
305 340
879 294
251 541
505 893
626 579
862 835
737 750
676 185
564 701
180 646
401 695
223 608
938 591
375 805
820 982
752 772
915 826
497 159
206 705
544 528
797 418
234 758
925 30
449 461
530 430
786 964
678 766
424 541
901 21
351 482
561 688
484 705
508 839
967 788
90 376
398 49
518 294
367 660
471 295
285 897
714 565
255 663
386 760
369 784
522 700
942 541
545 885
655 504
736 948
551 315
653 743
486 568
564 590
22 958
114 951
890 52
1000 940
305 714
857 805
514 542
130 279
135 522
546 943
709 673
931 763
277 469
300 986
562 389
710 21
400 896
572 110
991 628
418 682
400 799
845 643
439 86
379 99
343 698
453 278
6 942
399 629
475 147
208 502
774 854
922 350
567 120
751 271
842 553
236 840
917 89
50 644
864 272
186 324
6 91
724 708
413 123
586 677
453 874
55 554
683 261
176 797
650 70
823 190
817 511
458 727
372 111
6 389
263 622
655 792
181 993
613 942
191 280
475 637
276 634
425 320
647 533
562 771
100 838
542 373
782 260
195 618
329 700
751 673
792 472
167 496
861 646
660 599
266 579
562 613
212 350
144 918
974 730
41 18
938 800
633 712
761 387
756 831
800 193
140 418
31 377
837 489
274 664
373 126
193 488
191 813
196 985
108 253
511 192
905 667
567 619
663 52
81 664
995 540
763 552
70 663
766 729
469 685
550 718
836 943
638 279
586 178
736 267
79 298
404 851
83 148
437 588
267 493
680 322
404 194
685 207
140 708
272 468
927 248
383 990
8 36
295 424
281 298
159 329
471 107
920 143
919 503
229 53
322 412
756 314
916 834
889 671
565 732
432 1000
307 708
659 411
622 787
720 347
294 450
264 689
851 727
410 915
128 211
587 909
378 81
114 89
955 629
886 667
847 597
507 10
949 95
915 227
493 51
310 747
95 771
801 216
604 523
56 17
830 93
282 735
540 850
770 574
530 152
734 648
972 261
442 776
313 640
278 498
809 988
373 816
339 640
341 338
40 803
41 14
248 582
469 510
623 733
681 62
536 727
259 80
978 616
995 858
64 40
635 291
69 329
415 349
821 762
678 349
765 702
774 924
520 843
459 521
260 590
156 623
678 428
611 923
922 978
444 274
317 540
214 952
729 452
895 467
145 651
590 519
873 2
962 950
103 188
713 88
809 461
595 92
330 72
211 359
733 182
883 345
131 614
723 384
713 186
774 363
210 356
342 352
961 826
426 412
797 699
216 840
677 965
548 467
976 834
812 472
371 824
870 290
349 242
301 80
811 144
522 69
312 185
573 50
777 145
246 749
68 542
470 414
453 105
599 183
322 129
765 683
490 815
307 879
787 57
352 836
800 956
928 225
751 729
511 836
958 413
834 151
121 924
108 400
881 144
402 267
597 180
1000 546
710 509
490 592
967 486
680 672
19 494
740 684
444 97
679 515
494 831
173 494
671 627
799 590
931 734
895 145
986 671
364 351
183 821
365 690
953 782
567 595
572 75
79 117
379 903
909 796
213 767
993 29
755 544
296 741
558 253
119 985
466 45
250 628
324 147
638 476
771 852
352 204
297 733
559 669
249 692
751 389
788 753
901 958
793 93
48 164
908 314
903 113
742 219
409 725
46 546
60 684
974 446
218 154
17 853
803 306
259 784
150 703
137 332
319 92
11 359
768 58
807 251
994 990
665 678
314 367
941 625
975 10
626 72
556 840
281 862
848 210
460 196
251 201
877 917
949 312
181 686
666 782
539 564
762 695
303 255
855 930
456 798
238 928
701 280
667 360
811 317
815 272
504 522
670 525
415 614
492 91
866 200
355 341
584 861
397 313
131 196
135 756
451 803
162 818
821 641
554 780
611 245
667 39
300 580
796 833
662 229
818 905
14 642
788 849
454 453
630 435
685 439
670 969
175 501
774 759
975 146
957 675
5 854
743 214
380 695
801 927
127 893
836 987
513 488
767 982
662 953
103 341
803 99
822 269
556 345
64 587
76 566
561 134
335 567
811 826
59 689
45 510
231 406
950 387
259 780
722 985
85 546
409 754
769 371
458 724
60 864
631 507
996 84
544 573
488 451
640 448
803 524
553 929
237 184
318 11
377 589
912 960
154 528
471 635
767 593
42 73
904 292
777 58
400 257
301 927
811 279
84 435
781 627
530 181
605 879
165 158
448 398
680 745
678 84
827 650
458 990
154 304
170 695
230 591
821 628
400 176
827 763
536 764
459 671
944 829
965 665
533 63
677 21
753 759
809 165
918 257
633 809
799 518
737 149
489 333
879 243
19 772
224 370
97 228
188 149
763 555
421 521
507 359
197 210
548 503
531 409
443 190
120 33
435 364
46 950
324 235
456 35
939 745
480 441
318 905
409 883
780 166
250 799
966 569
188 729
392 666
68 103
231 533
659 700
239 254
849 350
355 533
797 304
987 200
619 816
500 633
472 646
401 638
989 651
60 917
721 53
613 239
650 123
9 369
448 171
586 395
655 974
217 758
660 48
302 955
403 73
556 897
498 249
355 832
152 689
375 157
696 772
803 552
588 306
555 59
739 934
705 714
7 584
213 467
584 729
569 107
990 757
616 74
941 859
523 333
235 532
968 711
346 679
184 182
26 729
249 400
657 905
291 663
38 384
776 105
818 668
160 286
878 680
406 564
809 999
424 387
351 872
118 109
526 4
933 14
607 187
756 555
691 116
108 226
199 693
148 825
170 973
338 347
301 357
801 869
736 458
808 71
357 602
454 545
426 927
287 167
948 867
275 807
2 53
594 955
322 911
83 194
119 208
236 604
280 830
600 455
304 132
804 241
37 750
591 11
297 881
300 80
818 405
567 50
96 149
849 297
577 858
45 292
525 538
486 510
215 148
521 735
941 162
959 309
379 407
752 907
272 380
94 878
254 24
12 657
822 134
225 834
12 864
90 64
608 397
367 924
6 322
389 90
967 925
604 633
96 832
743 954
390 358
809 656
26 650
62 196
304 984
450 890
632 361
915 392
824 51
10 420
903 362
717 920
811 351
795 882
209 641
249 428
782 108
450 749
253 192
18 937
576 579
973 767
614 911
800 155
857 94
862 201
365 399
939 576
193 294
531 394
994 48
102 10
377 50
72 512
235 60
622 568
127 122
199 665
589 651
67 775
56 584
880 774
199 558
477 136
492 946
889 56
232 853
585 215
839 606
957 971
755 547
183 986
977 637
115 896
689 881
28 805
158 652
275 944
702 969
101 462
215 346
732 160
436 613
515 346
20 868
442 50
150 483
871 815
366 845
837 764
180 529
552 612
373 546
661 811
210 132
739 691
901 736
902 59
394 354
587 967
659 466
539 888
650 51
209 289
122 514
376 750
547 649
789 716
207 911
703 10
65 866
797 81
321 280
622 190
473 453
792 335
9 107
640 259
635 397
826 562
811 298
856 689
564 98
450 862
734 694
365 337
791 661
758 296
4 582
502 106
375 280
630 175
43 610
688 797
87 885
588 830
681 228
80 749
544 188
774 970
761 199
814 315
429 871
322 729
714 247
336 881
444 5
156 592
162 533
917 675
719 235
645 756
425 755
672 574
12 55
378 595
214 269
297 687
896 980
822 659
510 223
457 977
97 298
745 390
391 98
49 143
893 774
159 198
606 629
590 798
955 175
3 618
261 626
997 824
157 417
659 675
1 93
590 905
176 229
430 734
968 129
437 194
58 137
96 460
523 65
522 410
826 146
866 967
850 748
963 23
211 858
674 94
592 827
310 914
151 666
480 841
134 332
156 268
673 158
696 873
115 664
454 553
950 674
972 942
650 166
946 721
752 512
234 891
808 754
769 540
720 46
114 277
526 924
586 454
337 780
630 592
276 747
971 76
584 283
259 344
703 413
696 165
781 782
999 907
377 184
515 824
293 138
997 777
475 666
325 249
877 444
805 47
899 38
352 329
166 647
764 563
85 428
283 285
430 92
13 703
14 671
75 607
828 119
666 342
25 326
123 843
987 670
37 883
313 270
366 713
149 813
631 531
671 872
728 818
549 268
219 953
481 234
462 207
580 406
501 625
283 936
989 198
344 633
612 775
884 44
101 262
484 402
56 761
254 252
34 272
186 4
993 892
443 415
33 671
965 510
803 495
487 622
147 403
870 437
489 350
881 588
935 363
219 402
38 618
789 802
369 257
884 480
423 36
467 908
195 413
806 623
642 708
882 193
664 436
242 96
170 197
547 577
604 918
695 585
238 140
460 190
155 680
254 47
856 587
998 698
530 500
678 772
863 264
129 729
721 359
298 176
905 104
778 742
262 543
892 264
604 692
38 54
666 839
920 619
406 714
668 153
302 395
288 213
570 593
313 646
851 219
108 61
307 188
131 142
683 973
634 149
672 442
726 877
605 532
539 138
548 153
782 802
571 541
936 398
476 351
993 355
114 844
468 299
306 186
861 172
700 110
314 657
488 644
178 320
396 399
288 768
382 224
457 143
251 999
137 777
580 635
193 645
107 315
115 852
286 144
487 684
398 269
707 521
963 403
466 873
339 397
68 53
470 609
825 598
975 280
867 931
689 391
267 233
343 66
756 489
149 120
372 498
67 388
471 860
206 75
560 96
38 519
759 587
963 94
836 464
30 427
436 966
389 456
211 786
105 507
218 58
932 850
78 550
651 698
380 282
977 840
372 950
583 716
105 533
363 553
950 517
761 750
479 87
523 597
212 690
660 666
240 139
592 176
386 531
424 322
8 1
708 750
952 856
830 857
652 681
191 641
970 324
274 335
792 816
499 932
904 938
544 145
522 286
95 330
478 326
5 606
87 77
781 237
620 27
892 720
299 805
787 612
520 211
3 181
403 879
98 365
541 685
871 362
102 732
457 218
923 277
139 258
732 899
568 996
644 601
721 952
249 713
68 267
71 640
419 227
974 698
254 165
861 451
611 740
426 604
774 120
894 405
917 66
358 632
758 740
318 721
484 313
11 187
993 310
492 860
368 850
419 430
208 299
560 80
141 901
33 404
775 202
707 144
546 14
293 639
461 313
355 778
781 794
105 471
233 682
381 610
319 195
207 211
148 729
657 677
379 1
293 337
864 755
374 750
868 219
294 69
802 423
714 560
606 482
212 894
41 426
842 94
134 685
939 47
636 845
748 791
231 4
518 583
890 691
230 929
216 47
537 827
151 27
409 424
482 846
884 533
297 355
282 201
947 217
961 612
240 883
996 990
886 478
852 90
626 217
608 718
515 10
748 362
16 179
992 220
165 542
63 711
706 786
727 700
140 844
932 520
70 405
607 483
101 481
768 732
660 474
261 625
671 58
431 833
379 624
710 724
159 342
641 499
384 68
730 533
488 152
76 391
901 690
945 168
134 35
138 46
655 583
323 230
769 541
863 992
538 527
501 815
526 720
750 306
5 175
363 723
513 884
720 144
773 170
545 91
985 268
164 663
809 606
270 95
338 680
276 756
204 886
117 691
528 912
195 909
736 237
177 407
845 517
888 910
133 463
191 729
395 536
285 644
126 562
682 296
781 600
395 617
14 749
967 313
164 186
610 86
645 565
619 780
984 447
269 993
202 452
370 802
386 31
407 887
874 23
366 718
849 656
885 242
818 141
656 48
529 838
468 502
148 500
75 700
741 531
962 960
611 745
727 576
177 108
284 234
548 117
460 433
664 586
439 804
448 665
196 47
976 587
309 712
898 311
257 421
42 949
137 607
915 552
897 117
12 508
112 869
902 486
159 475
586 629
523 108
483 443
447 92
397 887
100 432
228 77
842 480
251 804
952 257
492 586
996 74
569 504
740 712
422 500
99 329
531 948
259 665
591 824
190 995
925 586
66 181
998 778
659 88
971 154
420 620
402 147
645 85
977 525
248 875
321 993
530 151
441 196
810 167
852 990
924 419
268 703
273 23
972 593
477 879
249 240
781 375
819 60
839 193
531 368
606 212
147 635
601 500
982 587
679 745
22 212
141 250
229 72
939 917
870 955
603 796
857 572
35 216
509 369
274 812
222 910
595 496
63 654
49 500
305 66
949 681
915 472
816 338
300 195
585 27
129 45
758 622
724 938
375 654
267 155
140 747
876 669
346 432
869 867
72 338
243 40
723 370
16 552
381 138
788 318
958 618
560 181
711 854
706 714
17 878
309 462
462 740
232 213
551 894
54 306
147 140
369 300
894 570
436 118
975 863
869 504
774 32
13 732
506 766
603 132
787 461
627 266
259 612
43 973
484 809
269 387
756 989
118 306
924 225
928 228
69 726
506 464
469 204
906 183
937 378
982 282
450 747
622 877
991 88
503 163
157 29
610 828
814 434
230 533
529 450
947 79
966 153
895 781
165 950
848 760
662 924
999 255
639 264
593 852
120 782
430 149
567 940
328 507
109 682
420 427
225 85
874 298
602 861
32 308
71 754
63 674
942 163
788 525
223 936
228 626
444 535
671 944
649 384
676 986
25 662
774 443
760 637
528 209
270 746
915 755
609 282
148 130
21 124
719 853
50 668
713 292
953 277
497 945
99 965
136 860
773 403
222 620
232 49
216 726
501 438
398 360
368 561
974 351
282 737
635 981
707 32
345 950
772 748
422 429
523 402
32 343
964 544
227 559
252 498
473 459
98 633
521 181
27 428
321 143
390 347
458 480
976 365
556 654
964 710
434 377
397 323
553 757
700 636
184 131
459 918
351 140
192 779
411 43
982 294
102 16
772 732
323 875
827 720
63 644
518 983
334 960
889 271
839 505
639 351
587 240
364 303
518 870
64 19
266 755
374 368
981 456
912 321
93 152
165 827
280 555
978 702
649 614
444 358
28 613
196 647
197 106
666 849
679 774
168 352
187 460
382 641
260 656
305 57
533 625
63 710
338 67
598 813
544 445
182 240
940 804
558 399
193 419
145 882
42 990
637 287
103 423
806 788
236 836
516 790
721 812
168 700
315 703
651 57
245 946
879 439
367 131
944 156
180 358
487 592
721 974
156 415
532 98
773 280
242 122
208 54
692 360
894 431
380 236
708 493
404 50
725 736
86 58
12 953
416 18
716 421
40 670
613 584
248 993
318 153
541 507
824 126
271 269
352 783
792 476
519 472
423 582
389 946
545 164
485 793
472 152
240 212
424 283
960 765
502 116
340 151
218 567
240 35
539 307
387 62
890 229
230 578
277 998
458 73
204 597
445 678
995 802
725 149
13 57
478 287
425 657
136 604
230 684
140 188
362 380
326 211
224 373
412 715
249 934
486 917
842 181
791 236
280 694
600 383
766 300
343 741
642 124
883 464
735 595
32 900
603 977
179 749
629 542
671 904
819 957
348 355
775 990
228 921
634 900
926 350
267 207
713 275
552 687
772 864
555 624
942 757
156 704
159 474
732 392
110 268
257 729
646 984
774 173
9 485
872 283
345 445
113 681
539 949
452 449
595 625
707 107
357 302
191 900
68 663
882 255
378 893
245 5
123 225
812 677
356 377
321 605
587 751
513 704
290 603
493 960
885 821
627 416
191 393
702 31
762 746
326 371
308 282
40 920
459 862
406 699
853 2
126 732
143 712
572 494
772 248
332 225
463 815
924 467
107 241
880 63
810 454
593 990
353 145
615 665
249 96
644 716
397 254
680 998
295 921
406 116
869 837
211 156
563 947
726 589
568 603
777 159
823 606
577 275
322 929
943 964
533 568
205 535
975 87
960 852
163 127
275 984
960 206
615 93
504 479
534 840
52 141
876 527
14 778
225 411
7 455
582 441
234 219
533 139
43 499
634 920
175 994
15 633
807 493
441 204
522 367
996 442
970 827
90 813
806 687
698 44
129 329
920 30
449 730
869 370
765 468
656 616
489 923
498 137
102 527
865 780
242 130
116 671
544 632
13 731
379 103
159 877
329 798
492 318
43 972
891 128
431 301
913 486
877 941
518 319
269 275
716 124
352 823
995 15
282 942
302 421
528 118
584 982
568 59
291 692
346 553
621 455
616 175
238 175
1000 550
568 426
157 921
308 621
22 919
829 29
832 367
474 848
828 219
61 228
64 8
136 645
102 464
503 691
628 568
832 13
46 251
728 974
925 780
963 617
415 450
399 969
491 856
922 274
296 858
153 247
170 831
75 758
791 276
650 920
353 776
779 756
846 717
357 960
225 310
851 230
597 201
239 368
196 465
111 300
625 821
292 972
702 863
153 386
304 50
607 882
441 383
498 376
25 888
157 331
196 247
968 104
612 923
328 775
755 96
205 127
958 747
5 719
52 470
399 163
798 127
232 50
638 894
915 833
453 770
522 101
262 808
727 60
379 146
736 259
310 548
540 577
777 177
209 439
781 873
173 218
949 403
843 688
881 453
610 669
406 210
228 356
104 298
657 564
952 810
650 366
19 195
845 779
482 507
677 634
783 141
184 369
373 835
263 965
770 623
477 805
919 306
723 693
815 141
49 998
981 245
855 668
125 413
92 924
610 193
421 430
373 533
597 965
193 263
967 343
650 468
737 610
687 52
768 978
476 257
131 998
564 690
410 179
411 406
912 209
254 971
325 36
1 406
701 841
898 557
193 722
63 132
433 67
899 947
201 255
365 948
168 496
297 684
686 86
580 445
248 62
400 675
956 488
615 101
504 279
128 829
500 591
24 382
560 784
153 414
797 605
177 288
50 558
736 49
223 685
353 615
929 446
432 882
172 876
643 249
110 224
544 962
797 272
946 981
526 577
622 238
636 624
19 1
180 52
536 772
835 496
695 772
476 818
459 36
795 910
178 496
389 34
249 504
303 159
109 156
824 344
772 118
648 188
425 101
601 330
783 278
591 134
592 957
143 759
919 342
667 505
355 811
132 420
530 83
420 191
886 30
623 262
66 531
322 649
112 253
735 815
168 63
645 563
403 824
239 532
26 133
487 432
417 768
273 484
644 870
810 517
387 364
410 151
908 186
388 238
357 951
984 735
32 764
714 456
309 564
990 528
685 185
53 155
642 236
699 485
846 372
24 299
170 770
280 853
119 818
548 198
853 582
254 227
510 329
25 135
297 938
49 467
91 959
937 934
366 649
77 235
315 730
245 917
216 881
766 233
876 857
751 159
745 18
391 758
531 619
932 938
367 791
439 746
800 600
157 85
609 849
677 782
859 167
273 568
424 956
955 648
321 340
398 464
422 956
669 43
318 43
200 710
935 168
829 677
761 727
83 831
507 879
386 522
539 496
764 333
565 268
70 730
687 408
705 921
354 105
981 60
468 993
696 324
625 226
458 27
465 813
981 173
862 96
629 153
848 542
460 716
97 312
640 778
914 425
692 598
885 35
64 459
266 539
193 745
50 178
857 514
736 445
331 679
617 622
279 479
802 240
409 27
516 570
188 923
687 435
254 140
21 245
629 832
996 581
353 717
997 748
154 918
194 715
49 212
399 424
202 954
846 451
974 52
478 967
298 596
160 694
214 633
681 808
793 358
812 70
246 782
817 344
30 31
267 891
677 960
521 846
495 497
67 22
786 874
904 44
805 692
521 445
137 420
377 815
621 756
52 273
532 27
312 190
789 692
795 699
116 664
138 966
431 703
830 883
290 525
772 665
152 726
395 317
172 745
212 590
748 520
51 456
469 89
87 414
436 150
849 359
669 928
867 128
70 695
307 227
803 806
164 568
415 905
218 637
56 272
19 388
517 397
723 664
425 957
118 210
446 581
947 32
269 244
500 406
744 556
896 973
878 571
810 263
719 509
444 237
479 622
549 30
397 225
2 243
124 338
334 644
631 694
374 645
302 102
529 226
838 116
839 965
771 189
776 581
795 291
250 526
253 957
951 444
992 819
268 479
7 260
563 684
14 884
185 566
352 193
68 133
214 290
650 763
230 177
267 185
380 774
2 678
500 671
90 927
626 637
453 751
826 11
544 840
618 489
102 718
233 909
161 248
362 555
384 921
333 410
338 952
751 68
757 643
516 383
561 968
637 189
821 54
212 839
96 753
164 901
150 914
259 238
484 888
657 666
566 490
604 601
53 205
865 991
316 389
829 636
771 1
887 170
299 325
420 599
630 584
422 141
170 442
541 217
685 443
636 217
951 830
334 804
283 102
484 557
325 81
740 766
833 52
706 314
563 351
469 448
587 101
740 589
120 590
942 257
944 528
653 882
721 576
801 711
822 811
199 744
10 875
726 539
123 562
586 422
662 883
370 829
425 523
339 10
893 591
178 436
334 275
575 883
960 859
927 282
88 441
72 798
456 445
185 737
115 864
728 713
362 75
609 90
601 607
723 462
121 416
968 423
858 896
698 784
183 216
99 773
390 717
413 851
951 215
718 198
996 492
499 140
836 117
251 575
785 817
807 436
55 691
849 134
83 870
834 626
742 843
963 138
251 684
587 790
234 562
241 342
345 252
21 368
161 117
932 774
55 593
938 327
99 705
744 138
797 384
142 847
868 107
885 915
692 281
674 828
930 402
271 158
720 34
984 618
998 877
839 299
18 203
91 515
29 457
801 272
145 756
937 176
518 663
957 173
755 701
725 433
35 741
873 371
813 942
939 639
874 684
130 322
493 542
129 454
425 774
933 486
369 855
564 107
272 14
790 192
975 204
724 76
102 360
374 717
656 164
185 652
900 535
409 84
799 291
656 51
284 152
809 475
59 20
614 358
64 654
317 724
945 11
853 898
750 806
475 324
537 449
976 687
738 578
543 191
103 372
196 42
129 119
21 65
44 102
489 433
698 167
96 381
333 64
371 949
797 744
962 528
730 756
799 11
200 267
190 426
262 983
64 842
985 546
125 879
976 531
935 500
684 180
116 534
246 973
337 688
499 949
536 242
702 291
226 744
479 238
579 180
851 827
88 761
694 647
843 891
562 801
69 767
133 270
791 578
269 382
985 846
880 339
164 404
334 796
960 731
75 169
959 519
305 554
765 852
164 507
883 965
634 145
304 750
87 825
966 195
986 645
398 559
19 694
187 296
283 420
886 490
390 911
110 912
89 871
560 669
31 792
895 473
111 558
17 240
352 439
387 728
889 144
463 365
215 476
77 475
295 612
510 589
373 400
486 145
745 17
242 621
774 466
25 241
484 434
103 408
163 587
740 572
115 118
557 115
138 387
567 710
451 88
3 8
313 928
914 436
176 161
747 538
824 525
381 376
742 787
103 719
587 990
890 645
233 690
910 553
850 716
80 43
722 630
595 764
138 967
602 160
290 522
40 713
39 389
952 351
333 680
725 678
122 973
179 318
108 744
91 986
437 762
539 558
596 693
388 18
778 474
184 691
657 991
341 30
713 939
74 699
391 459
757 614
9 812
618 872
307 19
626 335
757 535
583 127
216 87
827 713
75 172
347 899
823 452
724 311
544 149
749 292
130 266
520 158
266 730
174 963
692 900
951 665
148 730
934 969
232 971
339 113
902 875
438 871
330 340
710 947
605 135
163 396
940 684
444 419
728 750
320 869
489 222
913 620
243 599
104 547
728 669
927 71
508 477
636 6
352 933
279 704
608 98
715 774
759 773
832 634
281 484
671 211
253 480
181 323
879 412
972 594
811 431
617 901
465 144
603 944
475 987
593 156
523 169
318 311
263 498
727 73
889 333
164 921
960 808
798 699
637 188
105 475
161 473
953 101
609 987
794 895
65 869
851 770
750 116
240 461
7 655
601 964
640 280
844 88
675 457
248 823
449 224
273 946
517 95
259 355
425 15
762 800
933 955
800 77
216 132
661 848
294 859
922 592
134 816
528 967
126 538
758 463
649 905
672 486
377 96
657 118
531 429
791 999
539 118
575 924
500 282
852 247
391 405
946 76
875 190
549 49
715 265
67 998
715 742
862 347
476 178
631 522
402 260
525 409
672 563
178 260
452 955
663 271
315 101
758 907
928 74
931 943
755 691
771 950
900 850
831 718
667 633
281 166
201 479
664 993
722 107
723 446
233 78
289 876
346 375
861 340
447 613
410 740
825 771
864 855
314 376
940 212
137 257
393 879
682 559
602 295
404 361
426 225
817 496
980 932
432 594
643 920
419 684
885 993
356 241
543 687
420 662
68 82
26 813
405 754
160 275
377 599
602 152
659 211
200 684
773 39
527 456
125 654
58 866
97 705
167 489
151 996
856 658
40 959
263 300
758 265
192 874
265 754
875 495
415 576
398 822
130 720
706 287
50 699
598 273
636 988
657 193
513 49
397 70
256 906
100 641
614 776
184 732
810 624
923 179
525 219
619 768
69 239
392 492
389 657
457 5
685 405
268 219
197 75
895 36
606 937
25 975
978 304
580 524
687 296
818 137
365 918
444 619
597 539
513 462
897 943
537 448
656 466
659 853
382 314
534 407
992 474
617 803
965 505
642 780
682 737
815 975
923 797
234 388
219 120
618 302
232 253
530 700
848 295
704 795
962 307
473 358
540 532
835 176
564 402
360 208
603 188
75 327
368 715
789 527
350 975
722 546
246 748
561 608
212 564
749 251
346 840
600 426
856 767
798 742
948 23
643 547
394 296
368 425
191 705
78 792
905 252
908 645
820 457
344 386
593 561
499 862
649 231
139 849
566 876
147 526
574 171
596 487
192 997
669 621
925 515
41 128
889 452
579 640
504 806
883 738
909 96
783 706
6 700
214 947
175 427
912 27
987 753
505 302
462 189
835 130
131 734
939 182
667 545
289 699
241 674
202 952
846 449
404 92
577 860
449 957
396 968
501 961
135 301
409 48
343 206
905 923
114 497
738 824
685 863
523 140
319 871
6 547
732 286
368 521
811 137
137 426
247 259
102 514
233 689
454 731
570 848
418 453
773 349
301 93
206 540
53 279
393 129
378 449
595 447
358 875
401 382
973 262
721 309
445 877
513 413
29 366
414 696
630 610
652 832
725 278
57 974
864 503
739 166
69 611
105 826
731 538
200 962
497 328
815 234
249 295
359 286
566 840
991 469
169 422
987 910
421 153
553 456
795 7
135 542
981 304
658 885
127 96
257 948
884 685
899 952
636 746
72 917
976 651
237 752
117 171
219 631
899 259
538 193
622 468
779 745
743 56
323 693
528 862
116 100
300 163
79 615
391 116
953 618
508 478
326 587
413 874
788 528
344 399
694 230
751 499
171 295
278 537
284 217
767 613
219 51
242 880
388 556
357 385
197 744
131 339
664 211
313 43
955 468
115 371
578 617
744 257
777 735
843 599
427 236
911 182
90 46
872 116
356 173
531 899
56 97
717 852
117 952
708 553
947 755
635 396
700 905
77 582
848 921
445 226
835 422
798 574
948 207
803 636
735 129
347 704
331 199
572 232
281 470
982 314
454 131
695 963
943 90
961 253
653 548
965 541
644 998
468 58
377 103
784 737
363 84
573 57
683 665
353 222
207 239
290 412
672 342
946 77
498 510
583 128
514 312
166 723
794 216
773 743
524 961
301 545
969 22
182 325
102 172
496 134
625 837
963 449
836 849
145 886
918 811
1 578
851 372
963 366
786 732
648 736
613 274
124 289
751 132
972 631
11 299
289 77
534 581
539 941
920 89
774 84
65 550
466 735
301 690
787 299
792 147
704 943
854 603
578 367
280 470
825 346
531 927
859 378
769 534
605 867
209 545
105 720
839 293
327 81
668 179
743 841
619 711
925 284
873 731
706 493
100 940
593 127
917 781
645 286
977 710
84 152
766 916
565 471
328 602
148 957
916 807
900 364
814 494
412 518
162 849
793 561
991 690
649 320
892 789
287 315
298 126
921 405
293 755
689 977
706 593
582 36
700 55
74 956
580 525
139 321
250 580
491 946
248 93
410 436
803 183
988 105
827 45
665 186
205 337
996 684
28 666
68 223
694 319
551 738
935 515
612 924
793 30
780 812
314 170
190 473
462 354
573 852
544 882
617 92
449 754
204 380
702 455
172 994
193 875
307 637
648 543
441 775
43 87
190 138
912 916
485 502
582 940
968 528
366 331
830 506
423 768
431 813
531 955
556 670
113 6
462 841
503 359
476 785
576 719
593 679
920 625
28 118
800 7
14 1
227 462
486 617
134 554
791 570
786 441
58 864
511 910
421 402
499 974
154 319
909 445
692 819
677 161
628 945
616 525
464 778
504 807
70 10
715 323
295 947
97 168
499 748
524 683
176 569
763 607
925 804
909 159
456 114
226 511
652 825
106 857
149 843
997 567
300 809
62 984
141 471
282 351
266 888
361 446
549 443
343 448
846 343
404 238
278 643
651 359
529 583
491 700
868 538
137 572
894 498
953 508
845 822
461 45
924 651
561 199
724 661
121 696
565 663
547 948
863 918
650 439
581 669
472 617
987 90
826 340
264 853
891 422
102 515
380 161
570 849
94 627
129 128
9 231
797 70
467 799
659 710
15 57
860 746
865 944
293 679
591 874
388 141
282 648
523 506
303 370
216 396
89 130
34 517
274 20
592 39
956 600
208 529
283 238
530 357
700 597
223 88
924 109
230 812
213 210
473 829
169 746
681 243
826 891
64 166
224 964
65 475
526 120
566 841
383 151
957 68
981 334
50 480
3 42
600 110
453 118
326 140
182 463
143 895
885 4
460 977
580 566
525 115
896 669
624 963
718 604
735 518
244 35
538 943
822 654
272 374
435 802
244 82
279 621
107 178
968 398
732 191
346 494
1 217
520 683
375 617
984 952
328 956
680 401
771 634
882 330
228 861
600 712
546 898
55 680
850 23
676 590
208 289
154 651
263 351
727 218
695 376
206 863
671 499
985 536
566 207
76 383
597 462
647 266
873 599
302 777
880 172
161 479
734 780
964 356
69 915
820 253
214 68
117 903
243 756
544 759
502 835
655 45
235 580
8 759
60 553
402 893
389 857
29 482
857 225
235 725
252 749
473 232
605 315
791 658
991 727
282 910
52 820
459 794
278 434
959 35
339 832
86 479
643 280
899 162
526 578
459 747
174 882
69 376
199 741
58 907
994 239
577 445
300 572
887 664
763 406
165 661
50 23
184 689
261 935
724 43
905 759
11 640
303 680
110 846
520 922
463 438
917 285
932 44
391 202
578 488
471 672
289 512
415 192
789 339
144 443
777 939
595 689
585 729
585 470
825 551
827 113
958 709
617 837
301 874
105 121
625 934
239 226
663 604
353 635
708 59
989 926
505 800
324 300
471 463
862 804
308 486
444 901
517 620
792 101
498 122
997 148
500 75
186 687
726 301
782 499
967 973
56 143
440 46
829 556
316 577
906 311
835 359
234 866
434 585
42 49
9 904
137 195
360 916
126 971
489 816
772 483
289 537
543 860
782 188
89 107
252 753
922 515
575 335
946 445
286 938
985 161
469 368
312 693
339 860
670 736
325 849
142 313
952 901
274 657
661 995
832 171
960 400
641 843
553 7
151 426
62 707
637 777
418 567
515 991
59 331
558 867
70 534
488 687
430 214
605 348
241 969
809 335
701 873
461 708
11 829
760 138
908 404
417 471
913 554
439 802
794 479
427 730
125 114
162 389
788 689
572 728
885 399
577 886
449 983
447 356
530 920
106 294
515 968
148 71
578 166
771 533
395 358
859 925
471 467
37 933
834 597
911 459
750 353
966 866
682 513
722 979
168 955
981 531
157 81
177 947
437 449
472 392
978 790
342 70
169 908
813 237
761 874
83 850
65 803
212 566
303 345
90 947
74 563
369 245
852 518
392 60
156 13
902 503
506 454
179 340
899 591
772 455
956 548
887 28
928 77
144 604
646 818
39 593
299 940
799 831
69 542
674 656
493 622
222 52
26 451
355 405
912 480
442 683
338 448
502 375
222 854
575 646
840 529
89 359
491 883
25 299
342 284
693 924
909 239
433 62
16 98
788 896
834 858
93 76
476 116
278 934
561 314
803 197
839 515
55 48
756 163
573 435
525 304
951 122
573 548
413 75
799 38
965 330
469 585
736 14
310 17
243 46
319 63
305 439
660 271
696 574
259 831
307 329
171 475
191 20
708 130
232 219
911 303
381 486
313 126
385 537
43 37
502 602
600 954
62 728
507 432
682 884
111 306
462 904
782 427
255 903
332 396
208 898
264 948
318 203
266 858
573 153
511 766
109 935
78 715
227 15
151 653
601 666
35 832
587 287
75 67
259 264
837 975
195 954
986 979
236 214
381 923
184 457
277 503
904 962
209 778
336 861
359 280
252 936
187 619
922 746
26 295
10 189
412 728
933 42
540 220
306 198
254 272
37 374
611 849
889 87
282 111
524 821
1000 856
534 9
453 6
334 315
795 295
944 731
987 735
549 380
842 246
455 246
240 556
991 939
794 117
941 130
376 92
525 340
547 945
686 389
291 418
599 712
874 89
789 541
346 414
129 188
42 114
577 830
229 965
376 937
655 763
141 813
953 287
402 623
58 253
115 452
99 971
592 696
845 170
224 604
794 600
542 218
176 479
29 46
466 648
34 836
994 582
223 264
480 788
707 439
88 517
203 212
259 582
868 194
62 25
262 591
104 303
640 283
398 63
934 477
661 635
976 355
981 971
191 460
14 79
130 600
682 29
184 132
424 293
244 686
388 384
118 131
999 526
873 654
378 52
507 920
435 167
365 474
238 536
248 536
571 892
183 626
584 576
83 326
869 811
302 164
140 263
782 882
52 587
680 788
295 469
575 921
10 791
412 595
552 238
326 233
18 566
426 999
875 780
961 910
211 91
984 345
698 587
884 818
225 139
867 548
157 742
379 954
854 186
128 532
275 871
130 190
131 651
6 533
872 561
666 973
771 955
570 383
710 700
694 337
116 152
551 760
257 82
811 535
794 363
633 449
120 236
780 778
103 477
721 761
698 143
845 876
232 501
910 792
287 699
36 476
917 53
352 943
848 318
186 317
669 288
605 972
265 170
68 697
821 485
164 952
806 635
533 273
96 546
273 736
627 347
539 717
515 665
959 184
378 263
431 371
179 903
750 23
240 492
536 777
994 733
407 490
929 613
564 223
963 270
526 791
450 698
108 322
382 673
222 462
593 714
170 301
99 129
192 877
786 83
326 408
863 67
406 256
407 57
877 291
970 22
701 902
966 106
754 784
576 208
25 334
944 532
430 215
719 215
174 876
230 384
857 602
839 542
1 358
440 962
849 538
182 214
587 245
97 334
244 395
529 601
324 99
54 924
556 310
538 985
225 482
329 433
441 186
115 15
48 500
410 711
17 891
509 756
517 574
475 919
37 932
390 964
941 654
565 802
640 135
750 358
902 251
134 145
739 341
512 65
185 415
403 80
724 952
99 737
801 101
214 18
803 979
825 111
700 877
39 413
702 295
284 452
639 840
30 736
588 186
910 526
293 274
682 972
61 790
731 642
146 116
22 675
597 309
778 625
950 287
89 70
625 20
143 673
166 194
193 160
982 352
593 583
61 105
944 835
136 256
303 924
396 210
749 316
587 33
486 856
257 572
205 862
813 543
155 157
250 277
454 491
476 343
374 690
577 742
225 66
409 139
136 973
432 356
984 273
898 65
224 134
116 412
373 491
158 665
15 816
111 667
439 144
244 120
945 43
999 504
837 493
430 973
37 661
885 497
780 835
306 758
327 800
864 374
730 67
388 676
98 884
963 296
102 852
341 644
133 648
355 568
319 221
506 948
181 777
716 551
684 5
502 552
603 511
345 483
396 809
860 454
328 719
793 395
242 297
879 203
419 873
388 248
217 842
345 189
846 638
501 514
798 694
801 242
344 323
161 275
878 384
535 929
131 423
427 578
687 730
342 845
197 137
223 90
482 64
139 993
229 757
288 265
221 677
293 104
832 502
351 806
37 720
277 955
40 777
368 182
14 317
416 540
838 531
205 834
813 767
469 521
607 279
738 194
540 332
779 524
332 343
466 257
230 366
467 40
231 3
257 826
812 969
495 638
481 196
357 633
174 161
291 71
534 129
883 481
165 610
996 768
482 742
619 491
549 460
612 880
922 222
393 516
592 142
35 780
108 430
901 932
205 279
775 911
708 434
413 842
414 61
642 832
571 106
577 916
337 48
522 269
102 707
399 169
648 763
243 299
742 3
643 928
163 554
668 533
551 588
742 898
308 674
507 95
772 747
39 468
702 364
886 729
405 730
47 569
824 652
270 216
365 38
759 506
83 781
962 24
319 693
782 311
659 40
460 333
925 309
263 946
113 183
296 337
922 557
194 336
498 762
891 881
213 869
765 792
35 605
19 532
818 876
727 298
514 533
438 549
404 765
95 406
652 427
154 355
202 424
865 376
215 325
280 562
597 801
619 169
361 713
178 433
415 428
680 51
650 510
495 914
300 860
176 850
729 522
89 323
845 696
735 612
684 762
872 874
45 48
290 452
250 670
141 541
129 509
737 128
594 779
686 203
564 983
471 235
962 662
86 518
492 809
366 886
850 963
29 894
463 324
585 310
215 87
223 568
777 612
171 405
413 112
271 854
759 523
850 741
924 636
11 445
881 697
272 943
117 839
557 490
378 405
621 695
809 565
845 431
369 126
631 354
263 752
51 406
651 831
696 993
632 691
389 810
962 124
428 832
105 725
644 272
97 709
504 705
954 827
964 801
571 957
859 176
221 636
256 864
657 820
546 100
311 623
256 799
973 702
575 734
814 386
463 848
249 220
365 861
912 390
662 566
636 425
938 678
852 160
411 298
13 50
397 211
974 759
390 932
852 23
410 110
460 900
116 322
837 214
897 641
607 508
499 307
486 31
220 111
183 21
478 691
779 306
192 456
736 442
344 691
879 653
665 191
828 733
560 301
745 361
452 185
823 90
683 127
684 508
7 105
765 231
585 321
604 43
357 117
323 61
557 300
561 809
814 613
873 239
621 633
322 141
461 360
501 779
397 733
608 507
347 321
574 640
123 230
432 705
108 626
381 546
459 152
156 152
245 766
416 53
716 448
725 382
122 805
599 277
56 395
517 2
374 247
781 397
194 361
291 641
492 205
934 117
882 698
386 695
812 849
523 782
929 619
115 931
92 71
697 759
536 691
169 78
614 872
117 256
545 955
840 821
580 471
296 442
566 787
491 87
59 118
611 166
20 400
409 360
305 783
108 212
826 359
849 970
420 913
637 811
139 384
981 393
73 132
154 79
219 873
583 474
549 326
297 605
63 694
357 981
366 605
391 938
284 224
914 659
483 656
90 525
894 102
1 99
681 897
446 750
334 769
927 140
949 964
858 398
287 238
555 482
191 22
784 558
825 936
937 678
169 716
497 239
522 72
963 982
176 388
275 56
574 700
924 987
542 414
302 867
547 612
142 776
203 810
165 105
136 225
53 356
22 733
354 293
339 587
303 236
434 333
401 156
267 780
282 937
763 48
191 571
365 500
26 434
688 875
66 947
31 679
622 740
478 188
106 631
415 661
308 539
634 33
486 874
292 55
652 279
709 322
247 647
875 102
602 946
839 963
455 954
349 83
928 749
763 749
929 260
94 879
548 506
367 288
774 544
667 912
559 678
71 293
380 685
56 715
646 7
241 753
457 908
810 904
194 553
628 106
242 797
647 208
229 184
945 816
656 685
293 772
845 67
618 467
160 583
90 776
72 307
825 859
439 699
650 86
445 570
229 195
