1000 9898
727 68
877 727
994 981
425 438
778 12
229 852
690 806
12 830
411 557
403 395
850 544
319 807
322 73
623 245
402 49
228 355
160 3
952 31
769 959
994 678
118 278
191 462
13 986
450 852
288 167
696 36
741 731
163 752
147 876
810 212
298 256
317 36
66 868
907 870
307 114
551 303
330 945
265 554
727 53
705 244
908 943
302 170
182 652
558 987
814 321
657 506
607 266
538 271
116 311
863 661
540 337
654 473
412 988
418 641
348 962
650 980
425 607
693 997
791 305
158 414
338 59
824 910
343 334
895 365
201 369
407 185
426 662
975 124
12 271
487 751
962 941
48 435
82 455
615 243
582 504
395 494
497 964
629 947
813 204
488 129
879 447
483 390
466 584
327 521
402 736
422 743
557 344
483 279
780 761
450 244
881 696
755 355
497 183
761 994
479 867
544 584
10 468
30 379
845 310
125 935
787 412
935 44
259 535
647 760
798 892
273 887
311 777
204 137
486 209
498 938
673 502
355 54
179 381
364 839
695 797
102 75
255 50
61 802
397 415
820 84
264 172
766 777
804 558
113 291
758 445
740 664
743 555
698 834
150 280
255 413
718 991
420 166
460 679
317 810
610 111
59 479
98 443
939 787
411 474
508 862
348 823
503 993
587 317
888 339
28 921
577 553
118 587
417 468
611 435
738 604
608 955
582 341
286 150
660 620
149 134
484 363
211 693
855 356
529 744
332 603
399 450
42 589
744 447
411 35
963 223
673 308
702 632
445 753
232 226
696 561
695 445
204 376
137 433
855 59
158 281
87 173
787 331
71 911
440 94
773 356
451 127
392 193
90 482
994 524
572 275
714 671
289 312
950 567
893 945
292 682
8 384
691 645
13 913
288 112
604 654
677 202
761 585
192 732
818 512
601 176
436 479
365 271
402 283
170 271
905 368
714 960
576 993
151 229
282 884
999 929
265 610
839 184
198 192
1 644
878 201
365 561
351 994
31 264
49 688
676 491
132 628
165 874
334 691
28 566
452 730
991 547
693 921
107 420
219 622
440 881
899 298
618 587
49 35
946 246
269 542
627 343
816 331
512 628
287 974
970 716
131 123
849 405
980 549
528 238
111 891
497 563
998 129
357 7
474 485
771 659
594 498
498 479
360 388
68 989
643 241
845 131
926 237
488 104
517 929
4 756
21 690
99 654
673 809
798 922
671 424
90 87
91 818
94 631
440 122
646 222
940 447
246 594
372 777
393 132
24 932
203 813
846 561
26 878
764 394
303 382
102 614
354 290
763 66
639 767
553 640
660 684
66 345
796 60
156 899
895 982
400 469
398 832
130 738
883 406
62 301
635 509
856 510
819 242
454 43
558 589
199 407
834 397
265 926
359 362
986 752
145 432
164 148
221 325
520 132
922 792
705 152
796 881
581 485
306 197
325 167
418 523
596 145
814 149
675 753
586 28
839 962
399 977
992 859
75 529
58 744
740 773
523 357
981 82
837 173
663 481
466 33
732 772
326 573
664 702
718 467
205 644
301 241
323 841
31 24
626 658
399 612
662 170
918 768
132 262
957 998
963 377
504 370
710 742
894 387
915 762
842 550
405 804
813 231
603 319
654 937
768 1000
609 642
718 28
137 751
871 518
90 777
110 204
8 540
964 267
142 715
768 54
942 162
842 875
354 629
890 675
360 158
566 370
20 274
590 381
170 131
9 7
390 362
215 753
476 951
57 787
272 438
997 431
212 617
678 890
705 824
152 936
234 120
873 738
52 897
666 901
169 235
377 577
744 849
914 183
865 547
592 293
648 23
744 736
636 950
340 235
714 792
342 585
972 464
442 583
853 435
362 510
881 28
164 136
790 822
938 595
157 961
356 972
253 632
447 904
175 505
568 539
515 349
770 171
479 399
426 885
285 615
173 232
527 709
804 94
32 802
291 101
55 196
58 344
790 25
25 401
906 522
367 752
374 922
927 400
258 281
633 341
826 701
200 56
798 460
811 520
593 734
454 187
488 883
362 852
201 485
737 352
59 860
285 573
7 148
120 350
535 651
710 605
487 545
777 618
650 504
941 679
543 375
593 242
258 861
644 100
819 982
121 997
18 401
920 346
113 789
111 262
591 520
928 488
967 969
638 636
142 961
380 340
902 735
977 910
156 37
393 301
969 782
307 179
199 129
554 400
558 369
887 52
9 797
30 933
680 582
273 912
188 357
995 79
333 844
86 396
644 48
222 92
481 326
444 78
134 790
247 955
195 772
643 376
999 938
683 551
762 32
823 791
911 619
753 739
2 259
424 177
80 851
300 540
361 538
947 319
676 327
842 43
830 712
118 686
13 274
145 666
989 57
727 356
900 542
850 353
62 581
305 92
415 19
417 81
277 222
426 760
353 840
799 185
512 617
1 148
810 958
116 89
232 438
361 86
896 359
25 143
944 83
29 687
690 683
730 588
846 30
498 440
63 848
362 731
366 131
292 738
385 384
309 97
848 285
870 523
379 229
87 172
713 709
695 557
872 34
182 596
838 779
485 497
218 789
310 740
795 580
743 906
392 81
768 284
818 806
346 824
865 792
266 694
21 704
702 181
596 664
722 573
601 774
341 3
490 847
604 655
41 351
958 402
781 395
839 405
36 582
75 40
631 23
762 866
374 100
958 772
255 291
559 219
908 993
122 116
162 799
108 71
39 1
516 238
358 752
827 399
387 402
698 702
619 853
787 739
992 961
184 766
188 222
429 164
726 602
586 505
473 736
809 286
559 430
27 713
197 41
225 176
641 742
620 815
968 407
718 359
167 551
174 469
529 570
785 720
194 96
410 695
927 502
788 448
890 938
546 142
362 575
940 965
591 418
613 166
265 150
48 354
746 345
584 436
986 488
716 689
328 754
133 919
60 601
789 700
122 613
229 911
69 954
506 260
582 909
234 791
204 67
189 497
302 720
682 146
666 831
41 604
431 421
969 966
217 105
345 92
844 386
4 73
795 846
687 852
504 763
490 562
934 151
402 380
464 973
346 378
106 738
303 972
933 69
203 360
316 73
725 227
52 627
329 210
679 566
773 573
855 296
1000 973
578 987
18 718
990 168
832 6
999 992
72 923
788 817
145 721
224 310
667 884
559 322
852 440
374 524
918 39
866 748
584 902
941 254
634 368
562 245
546 750
951 37
612 883
775 891
637 640
675 447
571 254
957 997
230 169
340 985
789 28
958 701
387 872
121 750
203 863
654 942
287 707
113 526
590 40
148 123
521 743
958 524
685 812
228 689
895 960
513 91
573 919
566 561
734 870
955 603
760 753
731 432
200 552
850 542
981 696
802 349
180 89
109 397
476 944
33 702
701 868
151 616
483 40
88 696
894 830
644 319
538 836
752 510
494 539
353 389
106 377
361 882
622 791
398 861
271 465
256 822
596 438
501 182
160 338
805 430
143 523
516 23
256 933
224 220
355 465
946 244
982 542
72 729
28 361
945 436
799 529
454 114
913 918
236 363
116 946
917 582
517 714
656 176
509 350
109 644
130 11
331 662
650 978
425 605
597 671
266 987
429 125
927 258
841 69
571 316
20 558
936 879
427 612
245 757
887 810
15 885
783 927
385 104
850 156
504 644
595 144
79 483
104 661
731 202
399 488
203 731
935 746
239 233
77 254
353 638
606 484
410 847
909 759
879 50
423 872
202 845
333 37
590 131
569 271
253 270
272 787
225 789
963 3
46 805
334 599
293 536
756 714
33 435
560 341
808 879
882 32
209 394
318 52
69 882
215 660
754 102
493 978
422 86
899 90
929 866
364 833
916 600
259 311
836 364
208 71
625 108
769 778
113 336
449 537
259 324
909 258
273 32
667 496
733 334
870 729
62 490
501 138
249 225
748 253
674 760
587 57
865 184
148 955
610 250
406 503
814 496
134 934
425 671
870 571
266 669
93 242
645 587
244 834
540 439
279 349
230 309
177 191
131 858
896 602
399 697
576 498
336 631
908 401
861 495
96 23
993 799
352 129
779 388
426 539
867 947
104 753
747 409
675 196
307 810
284 540
447 496
530 804
512 295
915 930
533 95
134 250
376 596
488 14
721 32
255 591
708 826
102 537
639 867
682 925
220 972
60 793
319 1000
455 216
859 419
422 483
761 877
868 55
367 605
816 602
484 824
506 336
288 3
720 849
186 942
834 18
427 456
22 729
52 971
769 997
916 636
829 301
42 161
598 106
47 208
48 786
783 204
532 588
826 865
386 690
961 14
65 186
624 832
785 612
870 709
726 889
35 534
843 191
370 923
574 317
813 539
840 647
523 623
625 507
681 441
918 318
957 284
706 540
454 788
359 38
571 234
326 821
791 149
850 435
957 653
390 534
908 87
839 457
805 809
185 688
188 829
463 373
654 518
896 550
434 605
823 149
759 59
222 516
577 523
483 666
512 630
447 319
716 893
742 151
205 448
447 391
432 164
803 439
996 428
906 948
216 854
343 199
660 251
494 81
479 277
258 915
280 199
209 167
945 747
765 490
488 106
822 147
935 400
497 236
295 49
9 152
945 580
765 347
716 257
440 124
317 117
621 380
865 970
259 593
21 914
562 874
735 261
961 922
991 175
518 309
902 916
943 328
127 469
933 866
130 625
921 874
169 141
721 456
403 625
999 737
621 47
550 245
860 949
576 592
903 991
463 868
617 951
838 304
916 886
140 280
142 506
476 384
888 576
689 561
11 525
748 84
933 422
862 468
170 914
942 460
619 193
550 689
404 571
277 307
559 333
305 10
417 688
399 832
145 609
274 775
940 676
297 702
462 224
634 369
317 675
516 519
497 755
421 837
710 853
552 307
805 559
20 873
665 116
573 579
43 440
500 881
266 233
448 732
695 80
309 277
353 593
742 213
907 96
530 989
560 76
561 229
817 371
181 252
778 30
104 999
447 153
394 279
500 615
648 590
740 220
81 457
372 760
988 514
627 322
935 5
829 514
122 902
711 482
488 356
17 754
553 960
290 550
717 845
169 975
209 574
468 733
325 692
423 245
414 671
200 775
757 721
958 472
100 800
193 66
308 309
900 81
4 46
446 671
13 808
566 700
934 176
887 368
66 914
30 873
342 591
552 159
123 604
841 409
415 650
145 402
733 758
229 877
645 453
294 573
221 108
675 542
198 656
533 676
685 425
10 739
780 451
306 374
73 813
628 661
904 575
102 212
720 144
766 319
1 285
954 429
337 485
400 669
718 301
573 502
885 260
297 811
559 583
725 737
984 272
909 532
989 358
133 554
704 506
903 58
372 280
858 547
508 360
76 548
257 454
832 606
157 293
24 102
613 364
570 49
443 143
422 282
684 201
152 458
377 893
708 199
154 214
125 819
91 207
114 36
869 468
692 371
342 60
934 272
312 127
169 922
996 41
4 44
178 600
530 389
548 846
240 481
459 65
43 782
851 919
47 846
621 469
930 538
74 616
91 538
352 794
939 328
248 859
156 86
550 162
706 833
955 898
190 813
302 491
776 677
973 698
151 194
598 297
435 311
882 628
22 853
750 160
260 970
52 564
889 951
678 288
406 103
135 607
356 994
305 880
913 881
222 918
511 326
884 748
960 180
357 556
158 535
415 396
219 519
456 371
37 410
177 15
69 9
112 548
79 160
796 712
780 197
951 108
14 464
461 800
297 775
798 481
903 30
208 487
746 65
533 564
977 403
764 957
46 612
985 952
559 566
458 792
699 842
996 280
445 526
817 443
983 114
24 241
411 563
195 392
897 412
720 217
739 583
226 526
228 448
36 316
57 216
65 805
928 357
257 452
734 601
627 683
76 99
416 288
635 244
364 358
925 328
481 646
624 754
436 474
274 461
919 287
942 612
725 92
892 483
755 101
562 651
831 715
14 298
400 138
643 342
920 206
884 546
41 136
614 767
709 729
17 151
558 790
373 212
373 912
863 235
641 986
839 987
254 329
524 817
652 254
140 42
69 92
765 4
73 695
949 701
789 292
646 631
614 315
923 546
410 403
28 838
31 33
680 301
58 385
646 518
121 615
432 214
452 153
159 634
664 801
388 673
315 643
210 343
251 513
689 554
931 558
548 450
254 999
717 501
835 118
640 120
536 57
919 782
738 931
432 951
246 550
247 283
86 927
364 597
705 567
428 742
285 875
177 802
18 358
950 615
882 105
939 242
522 854
887 216
941 800
817 786
735 260
596 702
99 510
943 331
678 940
238 919
80 465
282 949
308 705
208 565
83 707
478 160
567 958
196 768
681 11
274 723
793 577
95 441
45 660
283 653
376 277
304 530
433 370
110 970
532 822
493 99
676 153
735 766
97 62
300 885
248 190
357 612
430 784
912 127
783 788
400 803
719 138
277 163
872 368
676 201
220 83
499 412
63 551
250 758
768 717
107 675
185 690
340 668
634 592
128 219
572 670
186 449
243 16
61 693
694 105
767 621
146 979
238 277
111 9
556 138
237 121
927 647
169 643
149 413
100 493
526 705
874 334
530 764
604 781
702 390
78 412
816 773
229 848
927 531
548 708
626 164
76 197
483 42
356 292
912 866
697 480
184 141
653 935
721 335
579 772
84 430
715 196
960 749
498 612
523 765
47 139
984 227
658 28
142 181
808 433
844 311
424 660
313 713
614 933
812 789
501 180
249 203
430 368
657 220
360 748
804 645
382 617
113 404
452 639
142 471
587 354
473 572
349 145
380 508
978 547
874 592
123 972
287 335
918 487
975 242
903 625
706 115
328 259
936 194
810 679
685 313
922 29
102 213
927 268
20 552
438 203
150 191
954 285
383 581
573 501
701 544
885 259
23 261
301 210
715 844
703 359
104 673
336 314
614 45
797 707
9 501
580 100
360 479
569 269
848 997
522 189
502 533
564 528
196 788
20 322
10 775
134 318
941 582
285 949
798 361
995 261
794 856
711 449
472 838
218 374
476 918
937 412
167 275
243 729
905 126
516 515
346 722
520 259
403 649
481 633
190 835
212 767
566 750
25 818
238 591
354 344
597 140
134 890
658 183
821 980
164 457
681 161
166 299
706 276
355 382
249 231
341 319
839 208
274 648
574 263
954 980
766 235
193 504
18 645
919 73
433 186
54 167
714 29
169 734
18 532
75 589
98 294
27 750
343 520
39 782
491 797
206 256
633 20
874 342
703 798
54 884
280 817
387 631
962 981
196 397
750 812
14 826
223 980
941 85
390 485
283 855
358 425
250 814
487 527
595 174
855 352
12 446
262 50
64 981
515 950
357 112
860 329
93 350
205 60
64 836
506 525
825 919
238 444
294 498
684 174
388 883
579 384
564 500
454 756
402 851
540 259
760 555
467 779
854 373
379 87
169 563
863 745
310 763
294 220
27 499
303 358
179 300
237 30
96 802
351 42
847 31
216 295
956 547
846 763
249 417
925 760
873 703
692 229
861 762
164 414
754 362
286 905
252 899
883 975
810 315
888 951
61 99
981 178
965 733
607 168
60 189
834 893
348 864
700 397
301 342
835 930
340 268
179 881
778 430
754 833
236 572
582 139
568 837
41 587
627 302
615 81
235 397
348 164
443 344
618 198
927 250
253 97
608 80
127 536
384 106
863 705
119 664
101 189
379 567
471 31
517 651
310 155
538 694
868 657
246 773
952 442
319 219
964 140
270 565
171 464
160 943
858 314
822 145
254 631
955 560
47 690
308 142
426 49
778 426
104 171
13 719
245 870
329 778
365 60
994 556
281 963
925 442
365 205
756 802
982 420
565 196
96 80
507 772
754 319
848 824
721 462
852 912
688 657
265 672
599 421
394 772
971 199
221 703
38 479
143 280
278 430
429 594
47 103
469 305
917 845
294 644
408 883
853 411
50 408
650 522
843 349
187 721
867 339
923 197
999 854
437 800
126 454
805 233
364 335
295 847
497 279
912 225
473 637
401 147
1 390
945 29
295 732
888 288
157 795
250 533
658 524
944 673
250 644
714 311
276 366
851 337
676 8
590 781
992 44
132 877
519 371
244 457
667 383
926 371
214 545
595 138
880 753
298 516
633 415
561 138
863 41
30 215
196 251
491 276
337 955
485 195
983 68
578 139
185 783
635 627
742 821
1000 148
48 257
438 427
512 400
489 657
989 708
557 384
850 650
851 671
127 553
4 891
25 640
635 849
596 277
947 589
52 111
610 657
683 71
835 824
476 802
187 817
646 472
631 186
134 524
84 431
433 721
144 524
1 949
577 250
30 988
179 2
236 49
420 824
645 289
596 433
636 946
196 839
765 786
606 270
808 321
628 834
193 344
65 296
799 653
549 3
900 256
541 530
836 646
28 459
984 433
203 268
732 599
839 781
230 641
173 339
175 389
453 227
199 515
679 821
496 586
315 14
80 905
634 288
82 749
733 44
874 715
408 267
90 693
415 200
339 482
68 236
996 401
812 227
461 907
278 579
279 766
129 145
58 41
940 63
903 69
873 100
932 555
627 149
665 368
295 149
557 194
190 781
600 859
859 38
256 139
704 777
635 543
565 888
289 53
271 973
54 503
534 973
351 275
775 429
816 802
467 878
459 242
872 89
928 347
507 393
512 154
381 649
186 905
26 674
51 269
420 638
222 294
238 11
961 438
355 131
925 275
912 734
625 97
311 756
773 975
577 198
208 623
448 414
140 508
109 801
221 743
222 64
114 633
478 238
575 708
62 489
283 460
123 653
70 916
821 580
861 951
74 475
367 904
499 618
795 41
726 707
344 893
252 862
571 526
37 166
274 536
574 407
93 60
649 572
429 188
16 495
707 487
836 92
75 588
404 526
163 456
375 109
417 653
63 664
637 611
837 97
489 243
396 361
714 508
734 94
827 183
165 548
595 83
82 130
616 982
451 331
107 733
163 223
168 615
564 945
694 308
421 555
832 525
172 38
390 117
341 745
381 248
917 140
560 135
724 634
376 1000
342 269
659 573
83 196
919 737
93 597
314 290
284 654
102 653
855 65
676 628
722 132
535 895
884 503
413 479
988 597
94 668
42 507
423 170
651 655
428 764
215 708
756 600
722 536
377 633
514 992
198 594
398 79
769 585
458 474
102 94
299 646
172 648
502 899
138 520
144 709
930 572
275 957
31 86
425 60
498 602
706 87
464 598
528 859
545 851
674 569
586 795
661 813
598 216
302 261
341 353
568 411
883 974
296 190
297 139
373 944
126 600
1 671
790 409
442 635
250 284
417 847
986 648
606 81
496 692
204 765
466 276
735 644
371 433
667 876
830 744
413 684
840 616
225 388
179 566
698 522
951 428
311 13
81 516
762 405
815 363
36 228
921 154
996 762
443 234
653 371
569 904
736 83
188 542
262 253
393 610
699 138
152 247
745 216
902 350
746 163
125 38
614 84
906 947
393 860
345 690
215 21
665 296
828 844
557 266
392 388
247 356
413 50
492 525
225 560
721 1
321 403
963 988
108 573
882 20
241 228
484 840
124 183
470 431
238 187
107 589
133 181
907 914
549 780
293 319
143 547
994 400
857 140
199 69
436 265
648 145
156 920
964 871
416 821
861 733
184 465
866 309
387 212
830 840
504 622
766 818
572 391
75 857
544 810
359 353
749 281
754 625
854 587
697 583
370 781
700 354
525 25
302 114
598 1
469 643
679 784
560 692
993 582
46 119
174 168
254 506
481 444
884 853
282 265
949 671
362 91
901 796
82 74
747 324
417 407
646 736
224 903
685 6
387 991
393 670
690 668
193 924
893 995
703 614
410 663
125 801
474 450
756 476
958 560
944 238
428 279
214 256
752 935
399 182
256 160
560 478
693 350
345 448
474 228
989 707
242 72
360 131
308 479
968 962
697 4
169 931
939 67
868 123
122 901
378 491
533 506
661 530
260 413
868 202
743 974
856 530
393 308
240 343
147 773
757 734
829 737
521 48
317 461
764 282
503 294
8 747
879 167
716 149
679 355
807 814
169 238
499 883
891 921
106 691
913 223
342 979
109 828
96 574
298 413
248 544
729 87
985 253
469 468
880 485
455 737
560 333
540 784
330 295
909 508
805 59
918 266
499 574
836 647
691 188
875 171
434 943
53 971
607 368
59 294
760 570
260 759
83 428
196 757
235 153
476 133
729 531
676 14
282 573
997 630
376 128
491 593
202 516
921 82
920 961
500 801
853 867
875 759
107 641
112 793
349 708
298 598
888 138
615 233
855 350
656 368
860 240
423 466
278 563
358 749
275 299
167 969
831 294
963 118
600 860
254 573
402 730
664 57
223 438
302 714
423 48
48 302
674 110
73 845
845 471
599 40
580 439
616 904
829 547
167 265
337 721
602 111
786 790
431 449
76 122
441 723
262 393
445 171
873 560
985 398
911 946
180 168
759 68
209 680
911 803
890 132
468 978
964 959
167 617
715 115
753 900
990 955
773 863
478 239
10 977
887 337
134 779
360 714
736 721
403 982
832 164
212 78
18 643
184 743
295 897
995 673
357 728
329 633
471 132
952 748
280 533
524 776
672 763
129 304
936 160
779 730
687 317
484 610
571 13
37 616
745 449
482 681
637 723
802 904
127 657
292 954
774 482
726 940
836 191
547 164
626 727
73 301
491 714
112 773
684 507
610 912
44 90
815 292
492 772
203 763
555 622
428 234
258 536
651 83
12 527
659 572
627 112
336 439
851 632
360 61
603 491
198 973
720 333
591 634
582 779
342 492
761 463
96 710
720 592
718 255
804 592
593 636
388 147
751 299
51 507
144 695
566 430
38 215
648 871
976 404
886 907
959 853
912 684
108 271
672 236
948 137
113 368
277 871
105 980
236 122
75 188
113 449
122 624
608 229
749 308
308 526
918 323
26 379
136 663
72 533
217 460
805 243
60 46
466 277
733 369
236 687
164 92
758 812
170 845
317 554
102 256
853 584
124 840
162 621
537 655
666 45
798 198
780 629
486 50
569 798
823 145
435 720
148 872
187 115
940 851
483 776
814 972
542 157
659 781
73 376
534 479
594 202
352 161
978 45
337 179
881 572
582 427
736 7
955 231
708 469
597 915
965 450
785 868
272 689
218 674
534 313
45 420
798 226
363 989
609 745
95 546
993 763
660 117
932 834
203 850
369 430
632 532
100 42
247 389
801 25
363 648
327 493
402 964
164 949
698 87
231 239
204 207
382 662
626 496
467 953
556 523
425 31
743 651
908 604
655 497
536 615
848 969
723 679
117 380
8 128
597 66
9 681
430 347
142 867
929 520
217 270
135 642
263 623
356 839
921 569
151 116
607 287
304 790
689 902
563 982
212 245
128 658
883 632
456 686
728 843
617 565
301 90
214 837
802 735
325 340
992 191
920 396
602 861
476 841
874 63
693 665
906 257
935 620
324 913
722 123
461 997
542 918
599 707
425 283
246 350
310 202
561 265
704 513
894 276
807 391
55 674
851 579
564 648
585 803
632 642
989 593
792 19
974 319
885 864
355 685
191 51
512 402
821 392
589 92
384 773
593 25
557 510
6 396
753 255
891 348
249 712
584 292
201 138
364 692
958 117
882 57
209 417
749 213
263 644
861 114
341 228
8 463
178 515
280 823
199 155
644 292
369 180
795 944
319 514
303 137
386 711
109 17
653 330
485 871
877 165
109 827
221 641
529 964
178 244
126 518
420 137
80 734
585 567
770 899
553 17
644 888
259 154
761 214
681 513
583 373
283 220
844 615
334 749
101 686
332 333
84 988
927 376
359 106
785 343
36 95
864 328
81 562
667 855
814 42
286 387
862 726
296 691
91 257
906 564
248 76
546 527
653 297
72 154
996 612
366 540
186 142
524 218
148 312
858 700
96 249
443 386
600 575
141 759
368 799
756 386
975 672
910 49
627 960
214 434
58 166
332 777
314 268
722 129
832 488
161 151
894 643
384 882
323 359
52 303
200 506
385 600
423 312
474 298
911 159
420 666
536 786
42 39
208 835
570 506
820 74
454 824
886 991
264 196
290 808
754 325
94 226
900 49
563 281
395 699
639 514
473 835
93 442
463 856
653 824
377 415
912 510
929 560
515 811
348 744
94 28
278 199
175 325
347 89
791 31
795 472
481 677
760 438
689 974
471 486
546 817
280 142
775 664
465 767
466 80
732 859
862 690
477 368
598 392
872 846
558 924
970 723
978 70
82 19
241 436
585 504
290 196
864 878
507 649
266 173
358 319
500 730
642 768
846 96
375 984
792 105
203 587
557 292
336 424
389 434
621 625
660 83
642 546
369 304
168 933
726 468
592 776
497 84
669 140
906 334
781 850
380 263
91 860
754 52
247 81
849 808
147 975
792 408
591 776
730 172
714 745
877 75
159 924
956 574
5 294
722 824
959 933
310 617
256 836
460 540
632 949
320 183
875 455
473 863
386 830
830 829
687 924
476 196
801 553
948 424
92 602
934 847
444 75
676 274
218 828
516 379
919 110
942 437
583 317
269 821
92 376
274 909
719 269
81 745
705 471
409 146
172 144
641 591
257 838
72 709
427 530
279 493
35 89
418 819
646 619
439 235
25 83
686 152
67 712
951 76
655 177
701 613
542 955
926 282
358 328
474 381
951 253
609 270
537 89
920 335
704 550
172 4
926 421
814 114
21 473
725 885
63 882
229 70
712 96
253 320
551 921
829 791
209 154
160 930
252 24
16 710
973 216
99 695
155 633
926 214
584 265
596 996
25 681
178 653
233 590
414 533
899 759
593 478
8 468
436 356
121 458
579 812
601 868
838 523
655 67
808 586
209 759
28 173
263 982
655 496
696 82
832 463
812 813
842 362
585 649
912 439
783 348
527 61
188 410
299 787
504 991
982 756
287 454
454 445
554 775
629 321
22 785
415 153
706 714
589 638
502 425
774 879
387 261
614 462
235 734
179 999
308 769
700 3
918 864
224 554
482 524
504 44
158 595
361 357
880 903
650 907
11 895
897 882
607 589
258 268
656 391
452 106
552 312
384 218
59 984
850 69
85 840
585 432
54 93
484 345
423 296
98 785
284 978
33 342
563 598
960 758
327 184
58 131
295 242
647 89
741 398
337 952
817 374
91 73
721 978
320 789
543 297
232 33
105 309
802 117
91 230
238 123
845 49
259 914
481 774
450 552
851 672
431 752
34 858
398 491
181 921
437 271
755 316
169 929
761 959
868 551
930 384
380 335
218 158
274 220
63 298
41 29
942 966
319 525
511 789
64 170
778 574
47 151
527 153
959 633
443 650
762 932
545 906
322 517
679 579
387 67
151 42
652 461
251 444
193 272
32 914
288 524
416 561
573 77
938 602
98 431
540 314
390 945
981 472
50 10
116 319
444 374
729 480
680 60
205 639
611 964
25 489
465 658
103 96
16 164
58 355
900 944
803 135
469 903
58 466
573 497
426 670
559 578
818 504
33 528
859 748
364 303
806 949
239 134
976 576
264 710
634 624
821 443
228 868
413 214
629 556
560 109
543 380
971 677
114 206
732 287
504 858
308 210
110 98
76 150
61 550
615 765
617 142
802 264
142 857
592 956
60 738
740 76
379 60
198 528
159 810
218 370
436 173
475 577
919 528
955 859
754 243
581 408
773 955
132 53
593 825
192 712
601 860
393 423
79 597
482 1
959 529
339 760
680 732
457 325
330 989
611 36
808 914
562 736
526 63
469 502
734 418
311 407
320 743
446 926
822 769
658 798
2 282
258 176
956 95
151 447
199 595
662 809
166 664
301 511
943 816
947 437
72 985
948 666
953 816
537 689
746 744
637 608
995 491
947 617
499 427
7 322
706 839
301 161
687 267
608 985
640 192
48 128
638 229
805 977
907 645
471 134
135 431
67 269
68 82
559 836
284 538
582 766
967 644
380 34
510 677
59 607
725 946
66 369
998 590
488 387
911 333
380 145
109 301
860 619
613 777
937 706
116 651
462 955
964 473
911 242
548 792
255 916
38 890
170 66
269 398
531 967
234 845
751 864
188 911
475 259
852 521
998 827
268 586
368 422
424 344
151 799
781 388
48 776
431 127
640 588
326 355
181 612
807 752
440 911
723 653
904 977
445 431
672 93
904 928
65 356
486 756
982 745
362 430
325 826
930 908
680 839
776 378
28 415
691 73
628 564
370 996
277 424
297 426
575 987
391 464
567 603
624 179
917 632
187 407
982 292
451 522
314 798
421 986
499 278
871 795
956 417
763 841
379 892
159 106
92 415
889 787
375 744
249 684
917 459
757 268
634 569
945 946
251 382
382 323
206 941
44 56
137 546
569 623
197 598
810 187
932 543
343 505
521 716
116 858
979 604
121 836
967 731
775 977
915 964
756 362
321 487
824 394
966 837
132 457
258 796
67 518
845 413
764 19
251 64
769 569
942 824
65 772
798 700
363 539
990 708
609 27
956 620
646 496
961 450
635 151
27 73
863 178
149 988
625 93
808 587
186 506
772 430
352 967
344 951
114 623
668 207
142 162
326 335
420 768
41 461
688 868
342 549
737 581
610 205
402 390
190 633
122 403
586 290
878 970
406 433
101 807
690 196
174 973
981 451
32 998
586 635
136 516
780 469
780 597
191 998
917 668
149 770
480 167
903 409
135 819
637 951
927 279
966 315
70 268
456 432
921 584
956 357
210 899
693 886
470 689
808 268
451 786
76 856
936 777
22 338
339 458
893 783
585 38
876 611
58 430
242 643
405 187
633 306
773 562
764 540
875 669
951 192
383 898
186 458
595 874
888 224
129 928
451 34
168 48
181 341
733 904
422 609
172 888
450 374
803 294
576 662
592 691
555 313
247 325
232 34
214 374
180 296
493 197
294 318
134 343
968 965
402 919
488 362
643 840
713 546
773 53
616 102
800 893
824 115
259 704
649 72
317 458
213 9
344 472
731 708
288 680
919 493
907 683
544 481
47 150
626 158
268 737
143 739
972 377
187 531
429 946
658 168
610 209
120 605
583 230
92 515
810 398
156 524
361 550
892 774
733 789
1 629
749 543
367 939
926 919
654 422
692 541
555 955
535 97
261 828
359 245
344 562
852 330
28 788
842 352
515 282
629 152
542 609
121 433
182 112
399 497
651 40
318 211
698 5
475 900
955 414
318 370
814 599
11 294
960 630
825 894
20 216
721 61
280 261
501 829
356 16
128 329
609 896
659 245
612 22
393 123
507 117
958 156
764 91
105 562
661 563
384 513
924 139
930 546
316 976
473 167
172 506
924 58
892 358
56 360
576 623
11 956
230 992
930 758
477 793
80 557
434 423
740 528
407 931
464 795
636 577
326 177
273 315
899 27
611 773
740 999
524 692
482 979
288 664
956 207
151 303
921 53
728 918
123 860
510 12
537 688
524 922
358 64
197 206
783 843
550 578
771 883
848 830
723 10
858 751
362 926
418 924
680 311
796 54
140 753
968 498
1 29
295 343
491 299
297 922
101 132
543 61
54 109
214 621
324 485
533 247
609 337
862 893
205 422
990 771
337 118
745 263
76 469
239 123
33 398
698 392
220 596
648 701
591 583
617 791
910 541
214 190
94 640
994 914
960 878
570 474
156 355
857 410
55 827
385 811
99 379
854 505
859 341
644 367
697 757
806 207
259 280
478 907
117 756
246 408
986 963
331 186
98 131
236 90
416 668
625 146
199 899
917 820
923 119
245 193
523 905
908 921
89 365
986 741
326 2
93 269
957 420
351 981
338 436
320 87
318 682
54 523
127 963
364 503
723 200
316 370
870 937
309 450
514 245
257 836
112 130
224 145
421 985
671 825
339 320
31 158
567 888
1 351
989 134
721 898
586 694
850 204
547 244
894 29
948 925
127 694
497 601
791 481
978 40
851 330
690 756
267 141
931 226
860 4
703 590
405 791
452 278
203 664
937 855
958 536
225 628
210 480
428 303
855 496
927 775
363 990
38 554
532 784
608 290
479 797
835 13
393 34
638 706
589 6
315 837
946 821
623 875
216 490
289 354
332 384
995 320
898 653
291 695
142 897
623 328
203 181
277 934
459 15
96 963
282 524
912 651
156 636
772 431
222 482
294 991
243 773
118 179
973 747
243 946
672 122
507 633
863 140
837 936
970 147
948 398
684 852
814 307
898 559
395 931
54 612
183 768
420 118
408 534
335 14
396 485
287 230
862 366
871 484
286 426
261 872
115 916
685 352
615 995
581 159
965 240
859 533
883 411
422 821
427 641
210 19
690 265
34 293
572 805
831 552
94 533
263 172
961 513
903 92
328 824
347 116
989 573
442 84
542 183
581 723
214 260
694 18
716 638
901 732
370 62
116 558
778 105
462 726
11 394
894 757
843 581
474 224
95 656
332 198
596 907
831 236
215 795
881 283
937 537
864 535
532 371
711 475
843 675
863 300
327 99
517 63
70 413
721 412
80 292
62 148
928 18
160 396
297 37
725 429
675 856
190 923
108 299
644 69
114 590
423 690
756 318
100 525
356 663
875 385
549 960
307 493
861 942
843 239
312 533
169 396
818 803
446 992
196 979
288 526
787 548
535 386
466 329
106 992
8 121
45 771
562 431
157 841
339 26
509 342
845 732
261 827
482 558
107 359
288 859
720 906
962 971
779 259
176 988
103 243
620 927
803 137
487 656
363 383
537 501
98 977
742 398
860 93
182 113
632 36
334 172
686 298
251 606
358 278
965 502
93 731
319 137
663 960
940 203
264 572
337 922
543 382
30 71
129 950
636 329
30 470
358 963
552 850
591 531
315 796
617 140
543 668
488 312
986 91
77 691
298 57
861 517
744 9
30 752
379 62
513 714
425 926
79 391
668 274
191 391
639 809
584 545
490 848
511 698
402 154
367 710
619 693
667 500
970 425
644 170
178 254
313 638
335 354
191 613
160 263
749 443
307 88
18 989
165 26
60 288
23 428
248 576
190 679
251 729
992 591
744 412
923 19
852 171
249 90
676 505
291 861
314 550
847 368
500 333
690 141
486 808
378 673
951 726
577 261
174 117
838 172
325 503
509 378
720 999
141 918
975 77
408 509
392 962
896 594
235 278
642 74
71 676
741 470
611 627
81 940
763 796
840 303
470 766
625 787
438 88
205 323
421 774
922 285
392 800
156 742
841 843
607 788
851 286
211 703
432 176
50 707
971 869
312 486
479 538
464 225
7 243
963 201
46 623
491 893
423 11
381 356
474 390
190 274
462 671
779 235
470 186
932 987
403 239
29 121
671 481
200 537
826 309
883 758
6 331
713 861
151 571
264 901
490 805
99 689
511 713
866 456
215 495
737 823
208 802
65 175
88 888
311 678
331 44
590 252
242 449
743 867
947 934
749 14
52 834
695 1000
65 964
32 254
661 921
648 472
328 503
285 991
171 780
50 494
927 374
48 956
443 805
923 255
874 515
856 10
624 38
731 858
926 408
279 264
357 760
528 284
710 52
838 121
550 653
257 810
700 122
960 151
266 520
720 152
654 415
452 851
415 105
914 696
440 891
383 293
561 309
724 231
818 348
819 717
209 730
556 488
267 686
11 933
429 462
399 522
611 764
194 728
504 352
949 343
508 312
327 788
110 476
902 294
903 123
747 637
148 104
121 842
217 523
424 875
354 756
427 363
687 854
997 78
48 283
802 108
587 974
968 860
369 465
25 573
104 2
693 246
369 418
702 380
172 587
234 796
769 575
772 650
20 503
939 235
597 507
325 728
91 554
77 595
5 502
113 63
653 522
123 509
805 351
308 345
331 200
39 667
685 680
740 356
338 740
635 6
104 478
221 697
682 445
387 219
299 903
195 822
921 989
861 585
648 500
939 695
923 42
464 853
335 471
785 222
314 94
780 471
287 225
257 822
426 903
621 122
61 468
173 250
140 965
378 584
291 115
848 837
887 857
415 210
24 709
667 340
335 779
971 975
884 112
557 54
660 397
79 278
462 394
29 765
875 671
713 328
940 944
146 955
550 809
837 365
591 363
314 133
443 491
160 739
381 187
441 254
149 309
394 140
821 355
219 433
498 72
924 620
447 129
661 315
805 452
890 681
566 422
468 519
103 880
789 743
284 966
521 170
481 997
924 161
467 694
817 823
30 548
831 430
352 886
4 903
544 372
636 234
857 243
584 917
535 590
442 875
958 339
27 223
729 41
503 466
531 223
770 637
271 472
94 149
147 171
887 328
908 979
602 712
772 162
69 362
469 576
821 667
809 163
653 760
136 595
946 124
783 595
163 378
519 905
421 702
817 322
776 387
761 75
762 244
232 791
413 766
839 741
144 93
399 831
348 981
886 349
796 990
762 359
728 811
72 783
606 844
941 217
46 680
749 828
59 904
283 832
659 841
417 438
155 135
537 101
79 490
574 472
589 393
348 281
684 419
480 641
745 155
506 897
654 915
474 419
591 508
142 514
74 93
146 577
590 188
561 385
376 688
73 880
826 286
777 882
560 334
998 560
855 153
221 829
169 898
27 492
355 939
114 17
77 923
302 529
602 27
957 289
80 257
298 344
320 304
789 888
732 522
285 590
89 117
970 470
329 550
683 839
620 282
412 375
251 473
454 222
165 25
670 722
450 593
434 106
363 144
145 485
734 417
238 688
22 877
77 849
164 993
874 556
236 662
876 620
14 705
930 982
71 496
965 945
793 514
277 401
459 530
387 305
979 299
196 583
269 781
823 490
951 721
438 908
19 794
828 28
900 625
226 490
139 481
197 59
913 762
552 70
850 343
301 13
824 966
452 911
590 685
663 291
877 203
119 879
780 253
3 556
331 907
694 270
572 750
393 729
837 286
65 753
964 151
664 235
994 846
264 729
392 494
858 289
845 101
132 464
670 80
200 538
368 620
886 738
812 257
462 958
569 12
808 820
535 803
113 952
459 148
578 322
905 50
318 217
694 660
192 696
873 535
912 673
568 67
52 988
890 306
487 797
471 779
848 994
957 192
945 49
283 49
191 664
51 13
70 859
161 989
53 679
282 891
710 267
527 835
269 79
452 7
883 837
790 403
131 114
960 458
525 158
250 294
770 839
678 324
2 253
740 901
541 724
269 316
838 126
594 216
980 219
175 443
417 675
76 928
386 382
44 390
561 308
282 319
234 20
487 736
63 523
779 330
484 476
746 907
709 185
107 703
953 563
111 799
607 762
902 528
119 736
257 429
174 483
214 540
242 749
333 130
281 287
594 77
768 775
419 425
96 298
703 729
669 473
743 722
192 352
660 140
219 84
284 744
160 934
404 305
157 7
929 86
128 307
147 17
294 352
367 938
265 126
152 207
548 831
806 271
455 183
226 669
934 218
670 366
692 418
293 313
594 33
298 129
799 995
670 505
288 151
735 80
359 697
655 508
554 225
539 351
544 55
765 72
109 995
972 423
635 359
487 170
515 871
97 852
460 738
961 771
966 28
269 964
996 327
917 552
443 945
508 922
359 125
415 430
279 959
537 765
934 585
343 205
795 309
373 289
157 788
340 670
219 583
537 366
349 472
758 680
944 344
370 919
417 568
608 588
185 580
455 5
352 211
500 971
675 425
215 352
343 303
254 222
537 392
393 640
266 158
233 65
573 33
396 525
881 989
145 779
183 375
756 427
522 431
873 194
250 976
328 826
94 941
869 197
29 798
410 768
966 789
937 893
994 886
591 392
157 122
342 446
403 38
332 192
300 544
66 436
450 23
158 348
470 82
859 118
848 110
242 213
364 552
298 67
617 295
925 486
145 306
674 806
677 581
809 597
773 50
731 680
473 72
311 888
600 11
740 394
247 138
964 818
970 435
860 995
844 472
261 198
238 26
762 817
688 692
818 767
640 567
902 651
625 584
677 153
127 214
666 682
636 568
224 398
586 468
879 809
914 479
506 722
258 91
686 807
130 1
102 205
528 500
233 370
250 560
343 749
624 333
111 625
809 493
774 617
177 384
67 759
266 372
770 448
356 171
131 518
547 142
287 907
145 870
78 4
461 900
978 238
181 261
219 254
208 365
760 970
813 192
210 279
426 822
603 276
309 481
185 179
422 640
439 610
229 154
394 161
603 389
950 362
972 758
683 365
333 428
939 220
512 115
182 294
15 416
678 544
54 462
739 594
461 456
651 664
873 792
268 892
17 580
324 576
869 300
104 234
433 788
548 887
553 555
699 741
955 863
77 538
743 889
892 353
145 186
952 182
477 741
118 249
35 663
715 105
255 304
330 985
334 897
190 677
272 446
785 123
348 741
745 256
278 216
356 772
101 484
532 775
196 576
452 746
977 533
719 308
758 218
425 534
147 357
301 507
249 954
303 605
839 639
951 321
844 791
3 369
813 352
335 172
83 63
50 780
481 661
948 789
953 677
571 338
782 142
499 50
224 103
991 977
409 987
802 898
430 963
950 390
605 79
733 186
241 804
862 582
3 559
898 256
42 942
809 663
789 216
280 983
798 377
665 42
475 116
258 530
962 638
808 490
380 975
860 321
305 368
542 141
177 595
242 752
17 430
96 621
116 608
483 319
800 619
211 780
113 814
773 360
976 108
588 345
455 210
792 366
668 449
1000 550
982 33
105 531
70 559
270 157
790 852
833 424
494 511
812 544
890 448
230 401
431 394
35 853
452 299
630 390
481 669
27 233
378 15
160 438
883 991
94 195
23 349
687 810
544 44
583 901
161 988
533 65
454 59
352 541
156 849
909 429
141 3
677 81
44 722
594 212
528 655
983 909
783 613
883 757
19 712
259 217
631 703
979 198
16 450
461 254
75 609
828 33
336 815
814 468
227 954
453 164
201 219
101 626
562 196
988 174
260 946
591 115
210 42
484 477
547 249
973 72
337 181
567 27
492 983
909 27
628 27
203 523
774 339
635 493
713 291
219 38
862 860
193 468
686 494
216 800
531 555
253 347
988 786
298 842
940 141
47 725
768 38
916 486
477 57
688 333
816 786
547 642
821 47
218 20
437 310
864 526
423 839
875 344
484 989
355 994
911 67
381 842
537 546
389 853
528 815
609 637
566 183
235 729
786 235
36 542
645 164
677 907
103 737
902 541
449 325
738 940
326 198
363 317
347 868
148 674
705 74
703 451
852 783
654 61
394 927
607 103
576 985
260 996
252 814
625 268
454 438
39 840
743 500
487 58
400 126
480 204
616 744
800 511
583 284
812 744
182 479
98 742
546 882
908 109
487 280
913 705
366 667
483 989
582 239
231 791
303 407
325 350
388 205
736 219
495 866
80 918
723 455
390 266
393 566
512 556
696 817
551 709
720 719
992 275
387 964
846 89
689 68
543 97
84 634
267 170
747 14
680 385
208 386
113 929
389 255
362 759
381 185
410 276
708 70
281 249
142 548
345 600
977 99
617 4
548 18
369 499
243 422
726 273
802 481
566 334
218 232
181 996
593 428
213 307
431 364
786 813
555 104
759 456
434 403
844 74
152 948
834 80
708 681
199 38
327 237
627 539
706 406
765 953
593 616
133 453
984 155
580 488
344 250
752 215
697 570
94 42
222 255
477 19
580 981
856 85
529 401
527 954
490 319
880 107
865 281
684 827
701 115
705 368
411 461
175 284
537 559
439 411
641 59
140 20
13 482
417 761
272 164
456 321
165 679
442 284
838 214
348 70
667 986
192 506
858 791
324 239
145 980
421 879
707 550
524 208
871 235
33 555
286 167
932 381
974 208
813 174
907 873
250 898
548 301
6 811
346 606
609 329
572 699
870 432
521 520
778 185
873 253
362 634
574 519
21 653
650 127
929 172
603 53
531 720
768 238
845 464
160 862
177 784
821 103
727 153
905 20
584 725
837 781
335 607
364 805
665 450
455 126
703 212
778 765
797 143
801 180
507 855
200 813
452 969
599 500
623 498
293 65
757 556
351 223
292 271
156 846
801 519
287 500
734 423
347 989
248 434
141 111
845 249
905 690
128 942
917 220
515 975
398 721
421 592
746 755
693 904
231 121
1 454
875 339
112 142
538 231
712 109
831 830
836 896
289 940
736 276
205 751
558 77
245 734
486 152
803 166
830 700
770 421
904 772
629 888
836 332
162 405
825 595
608 77
162 207
975 285
232 305
341 753
34 219
992 347
725 859
287 393
533 100
259 819
906 22
68 893
569 304
95 580
315 972
472 738
798 939
656 896
659 291
823 620
646 239
481 833
650 226
712 439
342 86
694 763
680 69
881 288
700 892
475 563
293 637
852 679
299 353
35 967
133 234
88 891
655 117
17 321
950 947
540 955
229 706
105 844
734 353
624 184
809 846
978 815
78 921
825 9
355 717
116 681
494 841
745 985
943 12
857 971
913 41
633 876
904 408
641 935
479 840
984 861
847 337
204 757
782 610
529 234
728 886
766 274
287 159
430 242
439 112
131 675
12 230
50 817
366 623
738 386
926 653
747 336
569 912
344 669
932 294
292 965
171 668
10 970
750 576
852 482
719 847
558 331
410 699
468 392
286 14
788 468
275 763
186 418
519 36
492 758
39 195
522 760
742 774
564 546
12 697
792 173
441 961
828 827
6 411
172 951
158 358
397 534
591 724
631 395
831 69
962 148
925 256
324 921
413 544
845 361
530 314
703 159
691 639
72 894
866 703
143 509
315 431
22 606
784 145
737 124
805 301
316 238
361 787
639 716
261 105
351 932
670 808
958 161
969 701
127 141
553 62
990 5
889 502
526 282
118 422
168 603
889 208
248 200
711 202
857 626
236 537
884 861
405 484
745 497
796 667
305 144
859 617
201 327
223 885
498 283
788 650
665 65
81 890
797 587
818 417
803 463
785 680
570 462
182 24
440 743
589 837
500 747
928 652
33 360
396 926
327 187
845 201
2 549
42 758
150 725
264 516
506 987
987 27
767 740
418 277
238 402
665 268
544 971
284 718
531 695
186 664
246 536
375 188
664 451
28 244
668 411
261 91
137 69
138 918
503 24
158 493
694 675
441 703
297 565
212 638
86 147
750 250
666 871
902 623
798 556
506 14
365 313
592 131
403 740
868 464
482 119
30 867
88 930
574 134
400 189
536 378
373 112
231 619
948 290
966 239
269 917
862 44
577 396
615 716
468 267
909 430
753 579
309 954
790 187
849 669
351 719
463 385
448 998
323 754
433 118
960 405
348 712
187 67
281 10
600 488
374 919
712 738
452 37
320 116
157 536
384 188
812 212
419 559
343 418
612 633
205 445
190 467
105 249
768 961
627 156
591 505
124 418
786 733
180 380
660 70
272 783
534 619
685 661
834 753
800 408
731 123
734 44
440 80
904 511
501 681
105 420
790 991
113 913
739 933
137 97
526 965
17 715
218 380
42 46
136 167
725 363
673 384
554 389
347 641
787 249
221 589
243 961
562 523
55 959
483 369
507 948
321 382
919 381
61 85
120 527
359 336
891 667
420 59
614 601
839 1000
787 693
592 991
248 145
68 388
840 629
912 34
690 491
951 496
664 562
40 268
115 848
6 993
742 479
597 552
102 126
951 97
2 856
519 285
794 300
228 544
615 180
703 64
221 787
812 184
819 768
216 978
57 297
664 895
78 145
206 970
817 295
886 623
614 416
129 869
684 17
650 385
634 880
410 838
966 264
452 477
552 931
347 289
629 699
43 40
247 264
780 659
103 804
161 37
570 843
169 594
815 687
180 838
673 66
51 594
488 280
933 528
754 47
186 963
466 13
578 321
264 905
359 944
480 455
911 105
920 724
14 157
227 232
820 53
913 381
624 375
803 801
329 630
852 902
398 4
981 102
657 880
123 459
238 625
350 111
922 628
540 43
962 816
619 546
305 606
123 307
911 700
246 508
334 995
373 903
635 348
748 213
406 531
325 804
382 466
53 725
840 332
118 997
528 641
800 358
422 837
625 503
843 312
992 990
667 246
151 473
407 819
1000 877
784 938
69 176
568 625
457 214
666 386
885 62
978 368
248 173
914 692
664 671
130 199
22 473
979 38
230 92
124 951
16 226
783 938
474 546
977 761
519 752
654 701
954 219
991 836
577 944
542 930
120 197
270 737
676 812
879 295
241 599
917 70
700 552
231 544
453 742
759 930
460 497
716 599
402 651
976 812
578 528
671 265
33 429
725 592
466 661
882 13
481 876
812 736
140 585
545 443
251 70
355 288
695 693
424 540
318 248
356 267
673 479
178 535
288 59
307 841
199 175
860 875
938 45
557 709
503 341
100 903
429 567
233 985
648 105
744 754
948 496
92 902
360 42
521 753
347 919
277 756
264 481
984 48
19 633
477 973
79 809
508 805
77 88
524 889
601 346
785 355
988 366
6 92
700 26
810 694
443 35
117 184
245 371
173 246
1 269
183 61
257 235
595 421
941 241
724 775
192 400
690 435
766 414
329 302
715 972
422 814
918 163
379 655
993 279
914 954
699 48
757 822
478 773
444 685
564 882
600 820
286 216
805 676
366 874
628 121
124 434
910 781
162 77
272 661
884 274
484 160
176 369
103 654
640 160
417 121
181 192
419 727
294 417
685 688
962 471
263 478
67 233
160 965
68 694
268 696
843 632
96 535
685 705
369 651
48 650
626 219
989 843
95 812
527 557
962 249
782 404
161 350
48 915
576 232
388 83
891 178
414 651
255 571
311 885
922 210
42 218
619 716
397 364
951 773
613 530
464 535
429 539
835 552
46 874
458 253
818 845
754 571
170 600
374 296
378 807
946 684
183 754
847 667
957 487
946 120
527 565
676 337
164 13
957 344
541 665
158 551
838 69
435 626
934 282
900 552
280 689
118 719
466 100
713 183
357 798
799 203
12 175
418 882
684 377
81 980
639 20
104 627
474 416
201 499
833 392
627 238
607 844
161 365
752 388
753 782
659 555
915 917
849 722
862 794
510 688
46 822
94 686
111 276
78 455
206 568
869 472
817 629
12 154
420 642
113 912
66 6
237 47
540 802
743 997
174 308
947 800
711 331
583 662
577 569
725 475
212 258
431 96
591 70
329 554
882 646
331 148
596 616
602 313
143 717
916 835
829 510
98 104
830 777
502 206
58 970
106 519
757 844
918 35
813 554
26 364
83 373
999 771
526 433
363 37
36 901
314 547
121 207
188 200
580 858
981 389
274 929
258 58
336 838
620 218
966 490
2 55
408 450
528 467
73 506
36 202
989 188
751 427
262 380
945 62
240 213
775 950
719 622
210 212
413 913
949 591
219 174
970 554
167 646
560 802
462 454
444 853
255 349
988 922
412 264
24 479
428 321
581 773
565 640
125 137
73 566
132 589
78 257
426 302
376 863
708 152
600 769
124 455
159 576
293 606
612 380
579 397
927 222
45 293
678 579
271 43
536 88
449 932
333 734
875 719
375 103
378 441
753 275
916 291
555 37
848 41
5 12
99 353
852 673
445 853
748 530
948 124
143 402
242 824
554 471
256 574
354 273
299 752
281 925
670 385
985 893
741 338
203 28
477 597
958 296
425 42
156 910
393 452
198 273
127 437
531 91
227 483
431 245
454 579
938 763
210 609
845 217
744 550
508 915
804 704
207 259
874 524
140 248
81 52
936 103
645 513
575 960
254 373
754 805
115 529
45 838
671 365
314 793
841 8
234 474
495 843
296 627
194 806
283 22
119 847
618 186
380 665
676 990
106 580
861 454
615 219
599 566
46 690
488 810
361 60
15 545
253 118
570 296
686 386
465 14
138 444
812 437
882 473
954 58
438 527
295 198
801 647
940 249
798 235
716 592
924 517
247 382
376 637
752 772
968 833
733 607
347 268
994 961
96 524
828 821
380 204
308 145
147 21
313 253
890 513
891 312
297 416
146 419
561 688
568 244
446 181
541 223
801 370
948 199
972 253
886 799
189 229
84 269
66 784
293 7
791 776
114 548
563 345
602 753
454 26
610 196
704 408
459 752
724 178
505 18
434 46
400 226
511 44
684 850
520 179
683 673
135 522
770 807
809 219
558 830
728 933
876 262
508 661
516 470
46 125
638 466
384 436
934 732
993 112
886 374
528 27
589 702
944 299
672 794
413 936
99 799
25 160
764 539
176 20
196 95
573 711
522 427
237 518
863 854
58 139
96 458
613 379
850 863
177 527
570 46
350 901
264 661
656 955
953 15
147 192
898 664
984 644
138 773
164 773
73 808
419 999
579 210
891 196
530 402
638 627
786 808
833 323
597 410
467 701
200 820
535 980
847 806
946 565
618 790
30 952
532 410
590 741
903 929
69 563
937 223
331 376
260 820
777 358
199 127
969 718
858 760
683 636
795 70
306 9
808 219
883 769
459 621
351 555
10 773
511 337
757 137
25 320
616 711
728 897
965 956
724 912
884 780
425 591
687 291
608 900
33 974
571 330
760 129
7 342
598 821
747 141
710 787
70 498
780 165
283 337
475 255
572 711
242 734
392 665
871 885
103 463
50 729
181 257
94 994
275 708
498 391
146 863
209 56
729 981
417 171
862 795
664 800
815 951
287 804
371 717
265 216
471 318
772 553
433 588
21 763
781 805
876 714
575 53
772 842
977 322
947 690
51 489
15 66
772 335
55 861
539 588
811 483
260 123
972 956
947 803
159 275
604 698
843 978
146 126
368 434
133 260
873 719
123 440
754 378
170 283
43 539
583 925
187 564
374 410
81 195
838 380
334 113
779 921
658 790
967 288
827 629
938 550
151 439
279 226
856 163
658 937
308 850
148 687
170 863
671 701
783 803
715 681
921 282
723 162
205 7
121 869
858 839
719 86
23 991
562 175
802 926
567 130
276 297
222 677
410 563
361 71
572 747
702 782
479 755
870 448
907 86
217 585
661 43
810 411
522 355
618 392
488 237
661 156
941 764
476 324
484 121
637 45
333 356
306 949
388 871
47 674
798 942
232 37
755 335
481 838
281 834
547 635
531 862
370 796
950 660
739 963
317 297
51 932
584 756
867 698
752 598
143 413
916 659
938 55
541 250
890 653
714 542
181 763
437 609
702 55
522 665
530 252
212 175
506 658
92 439
994 465
191 647
340 195
288 366
382 578
403 911
5 719
887 271
209 940
527 846
771 408
757 815
294 743
867 291
425 852
89 743
731 848
292 12
221 482
224 330
956 123
619 211
931 687
255 135
572 75
614 458
871 505
874 303
456 412
112 494
6 560
836 999
713 116
958 231
594 817
389 556
400 722
441 266
421 804
245 544
727 508
73 759
482 321
120 310
547 987
875 582
107 976
370 130
902 427
560 94
923 972
656 705
472 718
769 486
54 360
863 898
3 954
212 784
543 316
233 795
15 375
271 14
537 291
29 200
787 484
865 964
312 964
664 281
962 2
173 782
265 323
359 551
35 885
472 185
40 989
793 940
759 6
907 971
602 335
921 741
848 963
27 102
728 281
341 266
754 533
573 507
22 355
299 778
249 171
81 997
861 490
715 386
848 737
188 2
836 662
156 544
753 676
259 296
666 373
724 35
690 79
395 809
362 172
758 774
939 984
562 21
193 734
486 69
989 114
239 407
934 733
795 839
941 239
581 152
89 782
684 663
975 432
923 541
522 473
98 951
703 525
570 754
936 559
242 778
793 170
81 136
906 971
780 992
196 239
859 953
785 830
113 575
448 393
704 650
101 86
23 304
149 416
377 883
67 235
765 384
877 710
606 984
536 98
84 322
96 553
583 628
768 181
532 214
904 341
812 710
890 546
198 557
255 596
865 992
161 975
590 503
268 955
288 89
358 720
114 359
762 715
320 298
303 147
570 722
204 884
613 528
27 213
924 93
784 578
473 877
790 626
972 369
79 745
175 58
857 919
397 76
770 998
753 870
330 49
204 602
758 956
615 632
748 31
396 132
729 188
92 539
218 842
41 819
527 567
415 265
535 8
222 797
98 279
409 160
486 918
73 115
292 171
774 723
727 721
583 397
884 956
206 160
891 765
432 429
534 34
422 840
538 929
410 476
656 476
250 799
237 711
137 601
10 297
48 108
12 399
676 870
655 939
384 46
591 341
775 114
688 92
604 192
661 135
468 272
708 166
285 403
987 121
237 779
589 118
916 410
385 598
705 601
902 157
264 769
324 589
424 583
497 55
596 805
285 806
363 586
34 742
4 978
385 880
823 385
544 295
449 37
13 924
252 686
569 212
939 861
186 780
415 978
84 471
122 142
770 680
753 32
313 647
522 629
840 956
899 869
403 626
26 507
365 858
430 409
969 745
736 748
207 297
252 850
511 231
496 644
724 542
727 919
411 429
343 942
434 838
533 714
643 6
852 400
230 292
982 791
427 801
257 880
476 124
528 469
659 909
163 122
832 891
462 42
84 728
984 550
197 839
777 208
145 948
644 478
757 319
723 387
64 947
552 648
37 960
676 745
652 91
312 348
817 437
341 991
12 657
180 339
458 669
664 724
223 415
632 404
885 814
599 80
727 31
768 206
364 615
797 195
534 997
324 974
247 442
52 132
365 75
604 744
754 189
592 32
403 323
800 910
503 370
240 138
94 309
847 793
373 866
377 359
365 510
459 889
562 554
437 713
615 857
382 579
308 610
718 921
934 234
463 596
490 841
715 409
438 576
24 820
866 7
226 166
128 886
469 514
813 669
583 311
839 969
308 823
572 68
420 425
306 304
434 765
775 758
763 832
223 802
509 136
594 178
651 317
361 244
232 627
586 858
697 53
626 259
979 777
176 106
728 519
583 565
940 100
922 491
354 1000
259 375
378 47
387 801
764 983
972 304
450 363
441 84
678 530
937 660
111 217
777 803
377 967
266 312
180 422
398 277
881 375
756 529
155 736
213 282
271 190
682 243
8 478
561 694
217 968
327 119
899 526
866 487
332 271
229 657
583 838
730 150
252 726
436 285
131 297
95 120
133 347
134 684
216 191
217 234
154 591
364 15
23 380
857 954
880 501
361 928
748 52
415 722
74 7
718 868
719 469
810 403
313 921
905 637
637 876
966 22
291 794
519 930
650 863
740 935
1000 844
457 247
40 425
974 940
904 562
407 705
653 169
430 802
912 109
816 393
739 389
718 288
828 288
810 983
336 558
443 258
816 280
444 569
825 542
441 293
301 881
730 613
432 224
675 60
436 744
880 750
862 914
152 223
758 707
376 957
793 346
850 861
46 942
506 999
927 995
289 75
767 736
346 140
437 115
664 41
719 589
229 192
18 740
129 979
441 993
632 460
190 228
319 960
323 261
270 316
589 34
792 316
78 537
796 633
543 561
968 605
734 624
626 41
94 467
134 376
483 88
928 187
173 264
803 877
661 663
242 433
61 875
504 696
574 374
715 242
73 887
704 858
922 568
680 746
644 77
353 262
248 556
419 716
283 511
877 299
170 583
446 1000
288 518
466 456
580 865
150 24
601 266
893 623
476 234
520 800
577 305
500 224
852 125
154 87
792 301
19 884
222 941
595 469
351 715
945 964
644 528
386 288
345 963
58 472
332 719
477 402
686 222
444 733
340 926
453 409
182 73
771 572
722 82
94 543
727 423
267 205
307 808
306 685
751 301
848 47
787 498
64 967
817 319
176 129
765 65
693 484
602 105
181 176
73 543
258 955
775 130
907 266
489 751
470 489
498 103
119 373
47 648
985 591
802 431
661 344
845 459
994 903
190 983
432 712
52 161
173 947
355 976
467 746
485 605
643 687
826 635
26 695
38 198
856 762
213 67
269 497
307 130
990 645
514 67
649 147
781 406
178 941
550 221
41 483
423 761
430 870
52 741
257 651
408 777
904 910
799 711
800 239
89 280
334 570
409 353
140 215
959 865
507 662
805 195
257 597
330 165
259 227
913 579
80 836
505 441
736 169
438 903
352 452
353 125
406 225
28 595
358 238
895 477
571 507
814 77
713 94
16 250
214 743
315 406
742 467
63 924
887 798
357 831
552 363
185 902
77 432
478 817
808 518
267 152
395 431
193 260
785 731
491 911
613 479
103 493
654 967
878 522
257 307
435 71
980 753
270 555
896 150
247 890
168 769
461 132
744 288
600 772
951 155
570 228
440 385
525 844
271 52
356 565
25 730
483 745
183 370
124 160
347 451
755 510
441 650
404 13
354 445
280 19
844 56
649 62
78 704
434 340
329 634
934 9
331 36
848 842
920 583
522 647
526 94
577 72
757 616
14 27
273 99
520 444
170 765
688 882
52 761
491 427
808 375
807 635
465 788
411 362
203 701
97 833
134 72
631 772
321 665
486 893
348 886
75 918
900 195
169 349
210 883
174 46
306 350
398 694
438 867
992 577
349 92
277 303
580 712
136 993
747 41
692 734
335 676
220 175
401 703
139 147
949 654
295 524
229 280
159 237
876 625
492 958
932 291
491 533
129 10
79 314
228 960
618 200
856 48
585 385
841 879
698 224
515 490
771 628
665 25
499 175
210 326
160 735
547 989
840 81
607 897
793 381
923 974
51 871
141 901
937 778
150 701
216 725
638 888
403 227
38 946
223 498
423 236
190 201
203 846
206 631
751 793
792 336
901 18
743 985
243 455
237 500
921 969
347 363
868 170
870 970
598 23
449 236
142 57
533 459
4 58
150 92
963 519
624 781
934 132
956 836
518 583
5 656
782 684
511 329
972 478
494 878
339 811
545 596
527 300
535 369
960 141
204 647
540 297
373 8
918 268
75 946
166 591
757 76
101 702
748 475
453 241
2 75
649 752
887 928
999 42
582 86
73 38
724 771
407 561
176 809
513 494
876 454
624 439
736 209
298 609
348 239
242 550
97 297
29 800
488 269
484 511
46 354
486 165
291 345
510 303
519 353
133 550
85 861
51 933
970 775
159 342
715 814
58 39
451 476
996 481
101 195
449 610
997 361
932 549
974 408
634 837
450 332
682 547
739 686
96 444
115 328
243 319
863 277
392 429
599 938
465 725
185 342
950 304
185 122
25 737
433 912
770 53
106 190
509 561
536 147
475 705
355 951
143 422
147 931
864 671
259 701
591 804
655 59
660 739
369 160
132 68
324 534
283 208
545 165
295 521
331 236
958 347
421 499
829 470
852 809
69 449
737 639
424 649
460 686
743 385
155 184
196 964
397 219
917 996
352 330
259 134
160 110
406 107
410 102
909 64
409 865
970 126
790 205
577 304
173 325
980 171
28 584
512 881
196 762
788 998
572 13
8 109
663 422
866 814
465 655
201 149
965 111
25 103
957 566
120 35
905 971
270 899
576 278
45 173
177 509
436 606
254 253
864 17
603 301
409 738
25 177
418 80
704 633
485 834
797 724
483 685
486 419
869 614
551 965
163 924
276 229
3 871
868 863
157 166
584 110
189 757
315 934
542 43
873 880
640 63
279 807
422 357
890 725
414 969
794 698
687 180
368 727
652 977
569 105
973 503
561 765
888 908
271 358
754 230
57 942
973 584
665 815
939 440
241 518
282 589
303 177
87 734
882 642
520 385
522 627
184 406
916 847
886 245
799 710
288 436
143 638
938 658
190 575
767 291
820 576
204 719
822 911
71 633
553 138
198 194
378 537
951 350
20 620
331 677
961 750
927 465
956 295
797 997
1 250
628 415
21 247
258 715
6 885
813 123
449 776
283 804
788 335
955 466
252 846
387 770
449 953
505 869
255 121
436 673
219 211
464 87
7 234
428 317
852 224
125 133
293 969
632 295
392 406
377 192
641 197
915 802
238 79
976 212
918 683
78 436
394 479
623 88
733 744
4 658
405 701
412 239
551 92
994 539
740 107
389 233
156 228
194 83
468 694
731 376
398 89
610 619
494 390
316 994
373 767
915 871
892 301
273 977
687 641
293 414
425 46
868 262
356 626
530 251
344 410
593 1
900 25
995 925
777 338
434 334
360 644
807 634
539 248
653 848
377 71
938 297
628 904
10 841
706 762
636 639
87 945
218 899
95 474
776 500
596 221
227 594
157 919
921 553
71 605
443 26
864 981
177 202
838 129
250 258
895 496
480 784
536 159
742 365
174 265
380 550
182 276
183 69
315 437
836 881
763 819
654 816
585 55
767 795
291 444
250 528
296 518
138 297
875 682
864 217
521 872
632 101
10 239
450 502
145 612
622 499
598 712
661 189
935 306
15 127
573 897
264 765
119 399
787 267
664 126
394 566
997 198
526 612
820 833
94 618
132 323
351 345
281 803
565 51
878 42
56 93
189 312
807 986
609 823
739 992
702 244
807 416
82 849
530 317
553 612
95 981
354 305
264 57
839 474
36 517
267 492
246 364
341 422
274 289
493 683
403 575
387 194
762 916
855 669
108 6
298 375
94 49
390 822
658 442
583 247
571 727
398 625
865 502
410 160
36 985
532 966
538 455
758 234
304 401
287 232
734 131
576 109
796 610
984 706
468 467
129 331
483 962
463 344
452 975
736 210
755 686
793 50
673 743
6 833
152 178
614 166
872 513
506 771
785 674
515 457
428 243
651 57
401 774
57 356
720 484
884 287
86 745
488 40
523 742
660 168
589 254
440 459
955 508
357 266
159 516
99 735
685 572
959 45
431 644
677 764
100 624
199 360
898 775
869 304
318 14
311 149
322 85
345 236
492 261
419 905
441 705
781 543
30 557
265 819
368 394
296 439
294 895
800 999
537 798
503 624
957 175
597 248
913 201
992 718
458 230
222 87
619 986
268 363
251 421
625 336
843 153
682 297
810 482
834 508
88 198
880 98
170 980
724 467
781 52
585 947
932 160
326 211
600 208
583 505
508 693
334 361
769 400
16 144
14 959
862 707
187 89
387 523
154 770
427 816
231 816
92 90
297 794
837 400
722 80
607 843
793 139
63 809
326 191
581 812
581 667
641 79
148 41
243 365
205 123
779 249
162 221
121 100
684 497
52 316
234 699
73 895
207 200
169 632
940 483
454 523
591 650
561 611
377 622
69 864
913 506
380 359
53 263
8 408
48 905
494 225
899 584
592 214
765 997
991 103
683 958
620 275
677 813
1 787
240 79
847 548
246 85
602 693
610 136
424 21
667 115
100 698
990 330
505 462
808 187
292 20
701 912
763 603
72 630
952 762
671 697
431 587
654 393
857 515
14 1000
935 884
404 908
560 618
596 388
235 256
926 664
380 626
306 621
126 122
24 262
97 336
979 878
139 87
547 82
635 171
436 563
789 241
928 859
910 863
585 372
785 874
974 422
9 432
911 435
693 819
437 56
556 66
703 829
194 799
10 563
285 116
802 94
622 327
163 520
699 970
59 619
578 697
873 851
86 896
307 597
227 646
555 139
759 363
37 619
137 54
526 568
635 791
517 859
596 836
759 280
597 493
209 484
431 301
930 476
678 806
181 854
204 217
367 639
80 343
725 360
285 952
949 337
956 563
102 67
69 614
878 728
554 242
956 674
114 573
613 597
523 821
411 255
764 645
961 141
869 780
486 736
308 540
131 125
334 532
421 7
689 571
249 124
234 164
885 523
588 763
921 472
494 946
297 406
468 329
952 662
775 610
244 176
780 436
343 572
455 850
150 132
856 360
871 74
969 198
254 88
516 541
499 403
101 459
391 123
803 75
127 715
805 569
922 495
111 919
495 52
390 64
564 779
376 932
258 29
379 455
271 711
977 494
413 146
750 677
973 122
302 922
963 60
157 109
216 727
837 539
164 927
950 298
437 397
259 933
955 576
991 794
157 30
711 603
488 491
312 89
545 445
30 679
347 545
994 572
295 275
651 553
502 847
319 655
199 768
685 903
800 988
808 567
633 582
155 432
1000 625
708 716
445 455
304 805
340 227
431 148
640 979
623 672
19 526
973 881
867 242
460 644
265 946
382 973
563 122
446 834
683 671
508 803
861 865
438 978
844 625
799 675
118 842
452 810
81 704
740 817
562 17
442 564
709 462
905 514
844 855
922 185
357 996
430 912
343 689
435 826
185 595
595 24
618 155
395 408
202 610
519 355
906 868
564 888
926 355
379 626
557 189
335 563
998 337
656 658
567 484
937 987
954 987
516 934
242 921
25 965
67 94
558 995
417 115
817 498
931 712
531 700
54 507
898 661
459 361
522 25
831 17
529 47
320 512
964 517
60 832
1000 234
590 507
77 668
316 564
389 800
801 160
288 93
604 723
264 728
564 65
605 875
342 883
269 775
790 647
956 763
316 794
503 420
655 475
198 338
291 588
2 489
369 896
5 754
358 905
213 895
914 306
588 861
778 773
174 906
965 645
737 750
539 80
796 568
533 690
59 311
650 894
387 364
444 267
139 487
357 550
512 883
654 434
396 486
144 87
509 363
37 404
311 213
421 565
79 41
281 98
912 37
541 772
656 50
766 301
311 74
742 298
756 100
727 578
488 744
114 763
370 405
923 765
728 595
250 795
521 854
918 816
812 211
150 430
396 554
823 973
121 671
659 561
660 222
609 690
629 575
336 442
677 957
803 718
950 355
739 716
793 420
798 951
176 482
755 443
588 479
237 775
879 168
4 696
442 130
894 623
77 815
905 28
725 643
555 70
844 23
520 700
354 263
778 741
393 321
89 210
713 904
865 881
313 538
820 463
346 594
938 894
443 564
354 105
407 209
355 256
283 47
66 853
619 421
14 429
967 505
571 816
807 592
227 346
505 92
892 600
696 307
606 218
143 632
844 731
347 981
727 513
409 358
947 226
667 227
939 774
943 854
835 953
451 652
680 118
40 469
645 696
271 559
226 480
619 351
32 681
126 153
680 5
554 738
461 748
743 26
727 753
470 591
666 75
50 916
306 618
163 207
257 22
831 516
244 482
799 58
508 303
971 897
257 391
650 342
944 71
102 851
638 97
340 812
384 14
232 328
822 235
405 985
617 59
564 598
11 382
216 764
713 616
885 810
389 53
318 485
543 724
390 97
591 760
793 212
278 422
602 163
968 521
308 42
402 979
185 289
648 903
554 465
312 924
945 817
608 48
294 943
709 772
337 11
998 903
982 280
970 496
146 728
576 583
13 158
655 275
531 289
292 299
458 63
761 446
66 552
718 780
274 733
277 586
848 762
614 749
102 465
52 538
61 159
32 854
151 470
814 146
303 651
469 399
421 636
3 788
362 196
606 867
426 323
779 759
853 970
659 941
287 20
658 680
276 347
629 179
599 607
894 9
197 807
385 165
757 287
28 967
91 349
163 888
220 383
405 795
138 422
323 126
506 542
76 414
239 50
404 485
480 579
358 676
401 681
418 265
47 731
845 174
223 622
703 848
560 34
320 775
617 23
33 422
731 11
630 831
77 917
55 621
674 169
996 12
470 536
912 985
731 297
489 966
113 82
294 233
136 611
773 85
481 583
354 207
528 792
947 798
265 833
786 224
645 171
83 612
720 242
798 587
896 793
248 344
421 675
443 636
902 677
156 799
402 970
770 543
334 929
499 901
69 150
174 879
852 121
364 297
58 908
538 402
614 649
762 116
11 574
784 894
148 765
993 424
847 317
656 184
378 748
379 934
913 696
970 827
784 974
97 445
776 752
852 315
637 571
487 352
996 654
978 113
45 70
48 246
808 680
432 21
769 138
720 696
737 254
205 256
30 181
254 855
537 7
519 499
116 796
471 50
533 51
809 618
361 307
279 971
161 132
15 289
931 488
879 38
807 261
510 671
522 183
985 631
626 87
473 267
77 953
705 624
6 383
320 658
446 118
48 641
233 214
772 706
212 623
413 264
358 15
310 688
955 845
94 426
319 674
702 991
141 491
290 932
316 932
433 704
530 174
970 441
143 321
716 133
41 395
977 695
1000 720
747 136
711 130
70 921
606 714
572 443
990 94
826 935
776 336
689 753
190 518
505 48
839 879
22 207
769 189
552 198
413 939
455 495
794 143
334 764
45 887
227 620
13 281
897 654
382 200
40 393
798 518
469 900
619 444
417 466
70 500
571 177
132 931
889 982
963 443
121 444
158 304
590 894
324 339
6 799
712 968
768 810
16 975
37 983
208 359
357 74
747 574
452 338
3 872
868 858
559 807
319 2
584 401
663 837
977 70
356 5
144 666
551 804
254 700
294 343
425 388
708 833
627 307
852 660
320 621
781 688
602 127
381 664
516 98
312 897
419 935
518 337
332 508
26 691
762 633
63 380
229 580
69 767
415 775
734 739
660 642
226 970
578 23
304 896
29 429
485 827
735 223
207 534
130 670
411 21
88 902
259 457
23 416
649 881
322 635
896 994
875 246
515 937
862 496
829 217
178 493
31 259
454 858
352 439
25 471
525 418
514 149
552 448
936 831
978 422
841 998
548 495
845 982
963 102
872 972
348 266
197 979
950 179
341 966
3 678
613 475
704 553
708 481
910 861
802 890
324 490
966 937
955 344
190 503
466 903
803 284
453 667
661 166
391 725
587 990
918 276
841 546
254 585
807 205
935 408
544 523
411 516
928 426
674 130
949 12
20 368
388 252
834 860
998 715
88 550
302 979
497 470
902 781
541 67
228 322
375 493
852 543
543 922
716 126
960 648
908 680
449 181
160 448
251 988
313 678
69 189
654 47
123 715
855 762
459 276
308 623
718 994
165 34
946 837
866 844
279 62
822 844
714 845
696 464
383 122
735 977
166 468
5 602
547 702
671 633
340 431
821 3
700 415
596 216
357 748
304 488
212 225
92 303
268 19
398 698
183 307
278 988
162 637
89 907
399 888
281 89
870 821
616 916
125 354
964 560
461 864
723 53
581 63
641 581
860 106
53 255
512 713
206 654
441 381
314 245
637 489
267 777
710 639
841 764
146 986
735 53
756 457
886 609
252 184
287 619
733 551
850 896
560 35
688 232
87 238
453 768
609 618
960 808
670 187
906 277
178 700
181 775
151 595
942 842
669 18
179 899
730 224
569 166
131 415
612 204
706 25
584 613
61 947
284 214
221 653
611 29
278 444
462 6
725 13
49 996
468 26
1 857
706 682
272 425
766 970
857 814
269 104
731 773
625 314
558 982
649 538
724 442
600 72
65 149
969 309
128 755
734 247
737 817
644 795
225 5
979 236
639 190
110 840
883 584
168 355
724 152
528 387
729 518
433 65
288 844
84 476
511 408
832 777
784 172
861 319
917 384
42 842
338 749
266 818
84 541
729 800
419 272
537 405
385 128
8 837
278 693
926 353
621 887
654 784
414 21
73 661
385 305
224 775
208 380
371 984
723 303
584 231
656 660
909 766
452 383
632 243
380 9
896 82
721 963
404 361
775 298
237 801
772 572
261 49
964 496
217 781
143 61
682 833
983 811
424 593
955 735
960 931
607 860
837 799
699 722
829 671
351 463
701 35
565 133
364 842
592 237
907 830
639 649
1 923
74 755
882 666
97 562
938 920
763 229
247 780
654 116
624 813
731 579
914 161
527 799
948 448
416 721
491 119
995 807
417 917
605 444
169 264
524 646
3 241
297 492
889 10
819 371
474 194
554 524
810 658
821 235
813 369
816 475
600 322
412 858
571 323
166 841
318 800
556 221
727 604
15 832
966 672
733 171
680 329
129 453
41 753
154 944
728 597
358 432
140 707
519 799
698 821
892 838
332 843
612 915
888 155
177 322
984 878
971 884
418 108
402 553
148 69
3 730
48 497
486 423
324 262
642 959
241 480
385 398
884 382
722 369
84 78
65 658
450 172
396 778
664 10
579 409
191 71
926 142
86 891
233 725
772 528
77 860
218 110
133 986
602 205
730 902
721 201
743 908
428 665
749 251
308 455
437 741
955 872
389 770
364 942
181 736
130 914
668 150
373 648
303 189
18 959
321 367
187 988
539 355
53 117
801 428
678 106
438 719
188 482
118 103
246 533
429 904
856 396
585 626
72 667
800 673
421 356
464 777
89 652
828 161
760 559
466 286
47 271
896 730
400 944
735 658
3 237
163 461
979 164
671 698
49 415
571 472
767 13
642 428
775 648
262 485
304 299
638 90
201 181
720 867
112 584
884 926
757 392
427 695
136 808
908 446
214 669
721 591
116 183
483 876
121 607
953 396
702 817
828 596
480 714
637 452
582 463
824 671
823 979
438 375
958 622
320 910
138 19
863 919
129 892
447 552
559 826
85 627
926 91
950 554
347 312
938 397
445 907
980 988
475 630
342 204
418 453
113 987
95 735
676 766
996 106
830 401
562 883
468 690
234 956
735 284
131 418
83 444
155 312
621 421
986 802
177 106
240 128
238 911
477 685
703 323
852 911
190 786
304 941
356 638
911 790
951 837
848 990
192 850
190 765
341 383
1 132
537 802
10 994
796 197
472 369
718 786
446 933
965 859
812 990
496 678
795 436
232 972
545 685
710 33
698 681
987 499
351 820
24 984
794 196
558 149
406 134
979 64
837 162
175 591
508 760
474 952
858 646
934 680
3 342
614 348
941 132
279 509
33 911
179 697
291 467
242 575
978 395
742 496
673 735
660 451
202 589
483 648
871 805
659 653
168 514
655 761
323 96
418 148
898 618
167 819
315 516
995 614
599 812
674 453
237 939
366 177
349 829
603 454
380 85
226 79
939 56
525 875
180 428
290 700
368 644
563 372
422 417
651 733
723 688
933 571
751 804
901 29
5 104
812 616
302 746
428 865
624 548
507 184
222 349
494 422
1000 359
433 730
382 647
151 198
69 494
518 681
499 873
977 585
123 377
964 849
14 504
294 856
723 694
471 32
251 413
568 329
222 14
709 536
486 643
306 29
473 564
422 620
752 197
499 564
245 88
211 232
463 429
446 833
486 786
288 623
734 244
955 175
245 457
598 583
158 560
913 813
988 359
612 719
679 770
205 587
900 573
741 873
802 767
476 34
386 342
957 557
63 706
836 962
768 546
179 661
770 496
22 365
116 120
747 310
162 352
436 583
629 774
794 365
872 517
45 213
971 843
328 829
625 935
190 462
884 244
722 251
408 79
851 485
323 92
362 762
493 404
635 663
872 291
279 965
314 531
552 981
147 347
555 310
526 725
798 94
323 378
472 544
214 370
988 632
536 105
114 45
481 790
318 419
55 616
884 606
164 781
425 319
261 65
584 676
859 378
899 707
664 380
656 932
227 244
688 578
473 84
492 144
754 255
131 506
556 936
740 446
844 460
813 795
868 474
304 885
361 868
911 846
438 736
476 595
113 303
477 774
459 775
620 743
195 769
161 913
933 19
899 159
147 610
960 415
463 196
302 194
857 777
767 266
934 575
761 229
10 781
687 213
486 830
822 932
148 659
349 110
576 222
297 467
407 882
635 955
505 272
444 501
379 836
106 244
76 257
774 613
172 271
390 338
83 156
513 461
292 944
422 498
387 924
232 433
769 148
585 610
920 360
458 632
18 992
713 279
146 912
681 817
591 338
869 156
104 794
357 72
659 562
767 573
63 186
410 872
142 527
836 265
907 750
929 42
177 781
623 176
825 105
954 591
540 644
337 711
530 494
70 575
454 926
558 67
483 122
981 999
285 976
235 525
661 693
701 488
77 526
821 959
682 471
577 171
354 100
883 355
179 115
491 453
798 439
226 42
889 346
446 575
325 822
353 640
499 639
743 861
743 416
209 969
245 658
179 785
652 368
616 826
785 145
790 226
847 503
461 536
44 512
183 225
504 5
571 497
934 653
870 783
871 34
803 194
676 92
128 986
456 503
917 342
666 86
633 153
318 989
269 627
418 943
883 289
719 975
847 186
595 213
525 642
233 116
366 952
412 118
834 521
154 695
871 998
893 42
784 571
63 181
73 573
312 355
274 312
831 372
744 294
467 961
393 934
985 572
72 355
181 15
204 352
411 518
30 154
74 884
590 276
403 106
80 45
495 500
708 935
838 882
846 303
91 943
535 822
114 452
8 297
981 778
711 401
948 69
916 223
661 600
61 828
333 567
247 209
394 653
14 114
754 263
296 371
186 811
652 720
763 63
453 764
752 300
402 259
331 171
333 793
768 762
917 837
863 153
460 668
410 708
321 738
549 906
1 748
678 230
792 933
266 728
714 218
733 302
357 400
787 980
147 267
277 297
989 528
887 986
598 683
435 802
853 952
589 610
970 740
989 264
277 585
760 48
867 884
486 258
952 607
291 304
830 959
391 789
103 527
949 987
38 714
974 390
574 506
837 630
841 627
271 880
336 106
539 960
918 729
668 740
426 267
746 432
697 140
111 230
578 665
686 724
267 582
522 84
695 542
73 827
113 966
21 571
523 393
253 629
124 194
234 782
347 549
563 409
697 167
372 912
765 583
57 888
170 441
501 393
216 279
224 357
164 607
294 974
703 358
704 63
191 594
742 38
485 881
948 383
278 6
400 317
294 857
260 857
268 380
658 180
899 162
810 267
278 301
397 177
164 140
936 445
334 628
932 137
382 832
183 785
415 770
852 96
432 347
602 907
267 881
166 720
837 133
625 747
576 401
885 137
634 651
600 279
432 441
914 595
385 21
918 185
824 890
594 959
241 664
66 33
498 265
171 757
63 931
559 558
466 811
656 263
233 394
827 494
150 625
306 787
350 548
993 587
522 291
975 591
708 74
712 141
253 371
950 411
759 571
848 317
774 85
662 107
232 18
622 259
897 446
275 510
702 443
685 567
941 589
800 19
419 831
973 380
441 859
759 303
817 720
602 102
938 100
759 476
562 824
523 514
63 325
415 812
622 972
327 80
735 343
471 849
894 814
867 52
730 188
710 418
622 814
218 560
700 652
97 929
799 744
946 268
430 389
838 262
914 302
810 495
387 434
338 476
269 906
524 640
835 961
92 642
74 181
681 491
115 547
650 890
233 492
69 126
550 711
240 740
477 201
957 735
997 530
402 228
939 95
235 283
550 598
274 853
139 209
139 362
596 554
823 43
973 420
262 281
814 794
746 52
984 961
470 604
436 548
272 461
641 432
310 53
497 530
710 527
557 12
716 844
906 772
675 193
107 515
56 378
158 915
484 255
506 915
826 206
521 564
594 418
618 300
735 33
85 462
786 611
666 984
115 82
68 547
15 36
473 405
365 95
220 870
43 999
616 35
65 803
913 509
85 145
910 418
215 530
611 377
955 987
631 106
299 543
920 167
939 866
860 980
476 641
592 346
193 381
155 124
620 264
606 335
130 690
442 640
832 280
709 590
451 850
692 828
969 657
606 222
827 543
622 662
352 765
830 902
525 623
586 362
630 115
889 443
173 274
799 482
508 871
42 620
611 898
870 957
196 708
912 29
128 556
606 907
510 60
44 400
603 899
324 160
611 608
831 691
318 962
490 219
254 176
366 974
721 589
314 109
836 170
686 578
948 618
647 242
157 354
766 190
897 171
591 305
538 687
119 560
559 855
29 808
824 528
661 163
898 567
940 371
798 4
450 142
90 217
759 753
116 629
394 473
716 260
733 738
807 95
405 711
56 71
476 976
117 930
152 730
317 288
670 380
507 385
14 192
955 886
601 798
47 267
804 901
653 616
291 699
968 946
350 90
219 766
209 778
670 681
231 461
583 120
545 696
786 410
662 521
27 2
120 836
122 396
710 261
587 202
71 309
53 730
370 898
386 959
830 280
866 910
387 283
135 937
931 854
952 667
2 126
334 315
546 867
468 453
179 522
608 680
314 815
277 153
7 256
45 973
687 482
979 79
158 756
521 944
889 802
571 250
404 131
334 68
158 918
881 803
254 831
124 16
183 353
46 555
30 236
289 822
241 477
202 813
439 520
315 518
618 469
65 819
125 163
508 45
24 608
777 986
264 739
301 696
677 881
346 35
788 62
440 420
276 778
578 662
206 719
63 66
234 764
78 517
708 900
30 680
735 493
114 489
646 342
682 795
99 391
924 172
178 522
162 766
373 733
209 596
800 64
386 576
515 695
588 935
186 862
209 886
283 491
359 316
105 933
435 212
18 788
899 165
829 60
485 711
645 100
931 107
143 956
112 214
442 555
995 227
126 507
291 770
582 378
700 446
927 369
503 771
684 618
296 827
225 139
776 613
486 114
35 150
297 895
576 402
387 533
448 517
673 672
132 971
404 816
352 225
480 406
483 857
10 427
284 249
360 852
830 238
78 58
922 420
525 713
250 883
825 663
145 773
300 423
546 331
730 540
380 917
682 667
758 700
486 318
299 953
971 683
988 715
807 257
898 767
281 743
270 405
570 167
110 84
993 258
488 868
612 318
292 579
539 717
904 438
613 980
797 13
285 299
860 723
129 757
306 228
248 999
781 537
892 252
820 65
344 314
270 38
881 117
312 856
991 248
313 513
227 71
17 261
53 463
881 198
98 232
644 24
762 835
728 335
559 938
511 916
682 384
401 777
602 731
89 260
952 902
539 166
779 887
248 419
69 347
202 124
330 137
931 307
304 657
500 377
545 762
112 321
849 888
947 73
886 317
700 378
980 178
598 609
797 363
776 513
984 676
328 136
735 601
774 603
192 503
391 41
271 798
141 514
217 399
667 582
85 905
33 550
183 312
684 259
711 986
822 401
263 389
444 827
194 898
512 291
278 158
931 315
833 761
949 131
627 25
169 721
665 756
99 656
261 129
422 512
648 513
425 392
777 867
345 161
881 311
147 87
942 135
441 951
441 886
562 842
63 491
513 730
588 186
661 578
885 820
955 877
601 769
696 107
403 37
346 684
777 430
961 409
155 462
283 181
342 912
753 991
898 890
949 23
990 943
421 400
545 932
784 668
877 263
914 275
226 155
64 34
448 129
827 911
221 404
689 610
391 478
303 754
641 967
737 894
37 510
33 887
736 434
455 868
59 199
97 392
614 439
906 628
715 701
72 858
861 70
537 304
888 476
45 121
652 39
193 782
693 701
470 526
509 108
590 815
300 73
429 4
999 329
107 593
827 440
77 313
777 707
978 196
906 825
233 553
798 363
211 985
607 917
186 403
797 689
45 428
836 73
513 122
966 828
200 299
698 54
780 560
927 931
555 368
574 556
775 367
467 944
506 662
531 763
94 625
351 354
479 185
937 398
318 121
855 178
548 778
643 866
172 742
446 413
754 178
666 816
540 793
133 221
601 797
56 422
535 534
721 468
351 145
652 722
504 760
618 852
412 424
897 424
778 996
339 678
549 569
531 292
145 33
454 53
874 736
770 935
929 789
795 24
634 764
586 399
623 872
202 436
352 265
960 72
101 642
942 456
140 66
740 340
301 465
893 535
745 364
823 332
886 591
789 460
348 108
280 756
813 438
125 382
197 145
555 771
332 696
645 953
480 395
936 902
233 197
819 586
769 161
206 16
983 872
750 589
396 536
326 729
20 988
573 696
244 370
923 809
466 980
160 727
253 508
237 535
826 20
93 531
996 324
247 830
820 554
381 280
333 891
902 48
337 978
377 861
67 249
214 376
416 303
665 684
596 896
133 910
816 768
854 328
454 570
39 468
441 829
692 258
964 559
556 230
240 449
616 124
228 354
265 504
249 486
296 337
369 781
354 187
744 879
122 207
23 420
105 4
700 746
653 796
446 618
583 95
22 942
403 949
562 342
515 852
339 928
247 763
589 960
100 758
637 980
304 392
33 846
378 745
876 280
951 366
81 570
482 539
861 29
534 521
738 813
500 939
233 272
90 683
969 228
21 199
500 294
742 403
965 368
736 88
850 48
854 936
898 474
183 324
806 474
884 247
612 729
833 796
190 435
251 675
233 876
962 493
336 111
292 490
774 75
319 122
820 957
845 478
953 903
8 645
6 368
579 78
781 822
393 77
925 847
531 819
34 873
273 277
955 723
977 895
731 264
569 85
271 229
510 973
422 344
145 293
648 211
78 768
852 595
10 704
574 32
467 420
142 140
936 381
2 131
406 257
743 552
943 90
123 759
105 896
786 483
843 158
365 590
847 489
282 130
959 716
88 205
400 57
843 367
224 413
779 967
563 92
726 568
533 700
808 85
221 32
426 984
273 739
908 176
412 807
295 750
278 920
945 189
175 512
750 74
40 285
594 860
611 582
353 842
585 103
896 502
280 859
244 404
46 646
927 27
675 114
71 977
129 74
497 528
918 970
577 884
474 900
11 106
431 877
508 368
807 454
83 859
997 980
154 233
712 92
308 664
402 692
789 952
686 560
57 506
647 319
872 401
488 410
147 233
129 566
242 153
78 467
775 411
998 544
378 425
750 65
471 672
735 407
297 544
648 913
756 594
119 146
194 71
378 280
179 297
610 607
590 473
891 106
943 637
251 139
783 82
725 414
169 172
208 710
482 445
17 480
933 210
716 166
368 60
95 187
26 606
632 941
108 54
422 302
520 24
779 773
873 363
849 953
247 562
145 358
182 898
403 858
779 995
891 519
576 711
110 917
222 999
650 34
233 462
235 360
589 793
801 279
775 644
469 289
180 882
823 152
185 540
174 608
439 147
277 244
25 75
561 393
305 303
706 850
33 592
451 289
16 770
729 789
172 125
372 313
764 743
983 839
609 502
940 122
393 713
765 139
915 588
256 95
779 141
85 654
820 599
927 797
470 856
259 801
31 423
515 587
302 483
873 203
547 774
242 42
632 414
685 748
837 945
159 709
307 649
806 384
416 866
422 441
446 51
458 613
276 598
14 198
152 587
543 897
655 123
549 708
678 936
327 26
368 457
875 563
429 710
681 811
184 459
473 589
155 90
126 739
426 410
496 508
667 423
579 723
231 348
931 634
568 288
317 851
46 147
788 391
698 706
456 681
808 158
809 235
938 513
500 178
302 104
340 283
69 163
767 92
735 754
850 408
334 313
995 577
638 459
88 419
605 130
272 218
242 561
443 131
983 517
524 393
183 93
867 744
816 374
963 489
980 827
659 800
736 189
55 391
810 904
280 915
542 943
29 744
914 986
758 625
523 852
715 620
234 329
293 772
902 422
480 601
172 135
581 749
750 684
882 348
756 674
647 502
869 34
574 489
950 328
